name: py3
channels:
  - bioconda
  - conda-forge
  - defaults
dependencies:
  - _libgcc_mutex=0.1=main
  - _openmp_mutex=4.5=1_gnu
  - biopython=1.79=py37h5e8e339_0
  - blas=1.0=openblas
  - bzip2=1.0.8=h7b6447c_0
  - c-ares=1.17.1=h27cfd23_0
  - ca-certificates=2021.10.8=ha878542_0
  - certifi=2021.10.8=py37h89c1867_1
  - curl=7.78.0=h1ccaba5_0
  - dssp=2.2.1=0
  - entrez-direct=16.2=he881be0_0
  - hhsuite=3.3.0=py37pl5262h21043fe_2
  - krb5=1.19.2=hac12032_0
  - ld_impl_linux-64=2.35.1=h7274673_9
  - libblas=3.9.0=11_linux64_openblas
  - libcblas=3.9.0=11_linux64_openblas
  - libcurl=7.78.0=h0b77cf5_0
  - libedit=3.1.20210910=h7f8727e_0
  - libev=4.33=h7f8727e_1
  - libffi=3.3=he6710b0_2
  - libgcc-ng=9.3.0=h5101ec6_17
  - libgfortran-ng=11.2.0=h69a702a_11
  - libgfortran5=11.2.0=h5c6108e_11
  - libgomp=9.3.0=h5101ec6_17
  - liblapack=3.9.0=11_linux64_openblas
  - libnghttp2=1.46.0=hce63b2e_0
  - libopenblas=0.3.17=pthreads_h8fe5266_1
  - libssh2=1.9.0=h1ba5d50_1
  - libstdcxx-ng=9.3.0=hd4cf53a_17
  - ncurses=6.3=h7f8727e_2
  - openssl=1.1.1l=h7f8727e_0
  - pcre=8.45=h295c915_0
  - perl=5.26.2=h14c3975_0
  - perl-archive-tar=2.32=pl526_0
  - perl-carp=1.38=pl526_3
  - perl-common-sense=3.74=pl526_2
  - perl-compress-raw-bzip2=2.087=pl526he1b5a44_0
  - perl-compress-raw-zlib=2.087=pl526hc9558a2_0
  - perl-exporter=5.72=pl526_1
  - perl-exporter-tiny=1.002001=pl526_0
  - perl-extutils-makemaker=7.36=pl526_1
  - perl-io-compress=2.087=pl526he1b5a44_0
  - perl-io-zlib=1.10=pl526_2
  - perl-json=4.02=pl526_0
  - perl-json-xs=2.34=pl526h6bb024c_3
  - perl-list-moreutils=0.428=pl526_1
  - perl-list-moreutils-xs=0.428=pl526_0
  - perl-pathtools=3.75=pl526h14c3975_1
  - perl-scalar-list-utils=1.52=pl526h516909a_0
  - perl-types-serialiser=1.0=pl526_2
  - perl-xsloader=0.24=pl526_0
  - pdbfixer=1.8.1=pyh6c4a22f_0
  - pickleshare=0.7.5=py_1003
  - pip=21.2.2=py37h06a4308_0
  - python=3.7.11=h12debd9_0
  - python_abi=3.7=2_cp37m
  - readline=8.1=h27cfd23_0
  - setuptools=58.0.4=py37h06a4308_0
  - sqlite=3.36.0=hc218d9a_0
  - tk=8.6.11=h1ccaba5_0
  - wheel=0.37.0=pyhd3eb1b0_1
  - xz=5.2.5=h7b6447c_0
  - zlib=1.2.11=h7b6447c_3
  - pip:
    - absl-py==0.15.0
    - astunparse==1.6.3
    - biopython==1.79
    - blast==0.2.1
    - cached-property==1.5.2
    - cachetools==4.2.4
    - charset-normalizer==2.0.8
    - click==8.0.3
    - flask==2.0.2
    - flatbuffers==1.12
    - gast==0.4.0
    - google-auth==2.3.3
    - google-auth-oauthlib==0.4.6
    - google-pasta==0.2.0
    - grpcio==1.34.1
    - h5py==3.1.0
    - idna==3.3
    - importlib-metadata==4.8.2
    - itsdangerous==2.0.1
    - jinja2==3.0.3
    - joblib==1.1.0
    - keras-nightly==2.5.0.dev2021032900
    - keras-preprocessing==1.1.2
    - markdown==3.3.6
    - markupsafe==2.0.1
    - numpy==1.19.5
    - oauthlib==3.1.1
    - opt-einsum==3.3.0
    - pandas==1.3.4
    - protobuf==3.19.1
    - pyasn1==0.4.8
    - pyasn1-modules==0.2.8
    - python-dateutil==2.8.2
    - pytz==2021.3
    - requests==2.26.0
    - requests-oauthlib==1.3.0
    - rsa==4.8
    - scikit-learn==0.24.2
    - scipy==1.7.1
    - six==1.15.0
    - tensorboard==2.7.0
    - tensorboard-data-server==0.6.1
    - tensorboard-plugin-wit==1.8.0
    - tensorflow==2.5.0
    - tensorflow-estimator==2.5.0
    - termcolor==1.1.0
    - threadpoolctl==3.0.0
    - tqdm==4.61.2
    - typing-extensions==3.7.4.3
    - urllib3==1.26.7
    - werkzeug==2.0.2
    - wrapt==1.12.1
    - xgboost==0.90
    - zipp==3.6.0
prefix: /home/ubuntu/anaconda3/envs/py3
