protein,chain,start,position,position,,start,end,,,mutation,,,exp_score,,,,uniprot
TPMT,A,M,1,1,,M,A,,,M1A,,,0.989932515,,,,P51580
TPMT,A,M,1,1,,M,D,,,M1D,,,0.76248749,,,,P51580
TPMT,A,M,1,1,,M,E,,,M1E,,,1.105370363,,,,P51580
TPMT,A,M,1,1,,M,G,,,M1G,,,0.98009018,,,,P51580
TPMT,A,M,1,1,,M,H,,,M1H,,,0.80589202,,,,P51580
TPMT,A,M,1,1,,M,I,,,M1I,,,1.018935116,,,,P51580
TPMT,A,M,1,1,,M,K,,,M1K,,,1.121788535,,,,P51580
TPMT,A,M,1,1,,M,L,,,M1L,,,1.11747168,,,,P51580
TPMT,A,M,1,1,,M,P,,,M1P,,,1.119216722,,,,P51580
TPMT,A,M,1,1,,M,Q,,,M1Q,,,1.122913345,,,,P51580
TPMT,A,M,1,1,,M,R,,,M1R,,,1.098433643,,,,P51580
TPMT,A,M,1,1,,M,S,,,M1S,,,0.943719956,,,,P51580
TPMT,A,M,1,1,,M,T,,,M1T,,,0.58050675,,,,P51580
TPMT,A,M,1,1,,M,V,,,M1V,,,0.951458606,,,,P51580
TPMT,A,M,1,1,,M,W,,,M1W,,,0.921500098,,,,P51580
TPMT,A,D,2,2,,D,A,,,D2A,,,0.811310063,,,,P51580
TPMT,A,D,2,2,,D,C,,,D2C,,,1.137084414,,,,P51580
TPMT,A,D,2,2,,D,E,,,D2E,,,1.114196085,,,,P51580
TPMT,A,D,2,2,,D,F,,,D2F,,,0.979304376,,,,P51580
TPMT,A,D,2,2,,D,L,,,D2L,,,0.742320091,,,,P51580
TPMT,A,D,2,2,,D,P,,,D2P,,,1.161205023,,,,P51580
TPMT,A,D,2,2,,D,Q,,,D2Q,,,0.913249154,,,,P51580
TPMT,A,D,2,2,,D,R,,,D2R,,,0.975956296,,,,P51580
TPMT,A,D,2,2,,D,S,,,D2S,,,1.032373058,,,,P51580
TPMT,A,D,2,2,,D,T,,,D2T,,,1.048008967,,,,P51580
TPMT,A,D,2,2,,D,V,,,D2V,,,0.867825956,,,,P51580
TPMT,A,D,2,2,,D,W,,,D2W,,,0.780796744,,,,P51580
TPMT,A,D,2,2,,D,Y,,,D2Y,,,1.022906354,,,,P51580
TPMT,A,G,3,3,,G,A,,,G3A,,,0.862766485,,,,P51580
TPMT,A,G,3,3,,G,D,,,G3D,,,1.118204583,,,,P51580
TPMT,A,G,3,3,,G,E,,,G3E,,,1.080594892,,,,P51580
TPMT,A,G,3,3,,G,F,,,G3F,,,0.898327258,,,,P51580
TPMT,A,G,3,3,,G,H,,,G3H,,,1.204492389,,,,P51580
TPMT,A,G,3,3,,G,K,,,G3K,,,1.006680177,,,,P51580
TPMT,A,G,3,3,,G,L,,,G3L,,,1.041538868,,,,P51580
TPMT,A,G,3,3,,G,M,,,G3M,,,0.920381486,,,,P51580
TPMT,A,G,3,3,,G,P,,,G3P,,,0.82124639,,,,P51580
TPMT,A,G,3,3,,G,Q,,,G3Q,,,0.686172889,,,,P51580
TPMT,A,G,3,3,,G,R,,,G3R,,,0.920039997,,,,P51580
TPMT,A,G,3,3,,G,S,,,G3S,,,0.999714307,,,,P51580
TPMT,A,G,3,3,,G,T,,,G3T,,,0.973201952,,,,P51580
TPMT,A,G,3,3,,G,V,,,G3V,,,0.906537874,,,,P51580
TPMT,A,G,3,3,,G,W,,,G3W,,,1.032873833,,,,P51580
TPMT,A,G,3,3,,G,Y,,,G3Y,,,0.670276664,,,,P51580
TPMT,A,T,4,4,,T,A,,,T4A,,,1.094583723,,,,P51580
TPMT,A,T,4,4,,T,C,,,T4C,,,0.942407467,,,,P51580
TPMT,A,T,4,4,,T,D,,,T4D,,,0.95022383,,,,P51580
TPMT,A,T,4,4,,T,E,,,T4E,,,1.019587892,,,,P51580
TPMT,A,T,4,4,,T,F,,,T4F,,,0.888210872,,,,P51580
TPMT,A,T,4,4,,T,G,,,T4G,,,1.058675583,,,,P51580
TPMT,A,T,4,4,,T,H,,,T4H,,,1.267488658,,,,P51580
TPMT,A,T,4,4,,T,I,,,T4I,,,0.632176747,,,,P51580
TPMT,A,T,4,4,,T,K,,,T4K,,,0.948750565,,,,P51580
TPMT,A,T,4,4,,T,L,,,T4L,,,0.887917939,,,,P51580
TPMT,A,T,4,4,,T,M,,,T4M,,,1.155461579,,,,P51580
TPMT,A,T,4,4,,T,N,,,T4N,,,1.266115108,,,,P51580
TPMT,A,T,4,4,,T,P,,,T4P,,,1.099999079,,,,P51580
TPMT,A,T,4,4,,T,Q,,,T4Q,,,0.834814492,,,,P51580
TPMT,A,T,4,4,,T,R,,,T4R,,,0.986218971,,,,P51580
TPMT,A,T,4,4,,T,S,,,T4S,,,1.040308431,,,,P51580
TPMT,A,T,4,4,,T,V,,,T4V,,,0.91836973,,,,P51580
TPMT,A,T,4,4,,T,W,,,T4W,,,1.097721594,,,,P51580
TPMT,A,T,4,4,,T,Y,,,T4Y,,,1.101192442,,,,P51580
TPMT,A,R,5,5,,R,A,,,R5A,,,0.98001333,,,,P51580
TPMT,A,R,5,5,,R,C,,,R5C,,,1.22548708,,,,P51580
TPMT,A,R,5,5,,R,D,,,R5D,,,0.684532038,,,,P51580
TPMT,A,R,5,5,,R,E,,,R5E,,,1.241321139,,,,P51580
TPMT,A,R,5,5,,R,F,,,R5F,,,0.851738189,,,,P51580
TPMT,A,R,5,5,,R,G,,,R5G,,,1.031292182,,,,P51580
TPMT,A,R,5,5,,R,H,,,R5H,,,1.217214968,,,,P51580
TPMT,A,R,5,5,,R,I,,,R5I,,,0.963937352,,,,P51580
TPMT,A,R,5,5,,R,K,,,R5K,,,0.235757655,,,,P51580
TPMT,A,R,5,5,,R,L,,,R5L,,,0.932784241,,,,P51580
TPMT,A,R,5,5,,R,M,,,R5M,,,1.049188084,,,,P51580
TPMT,A,R,5,5,,R,N,,,R5N,,,1.314190457,,,,P51580
TPMT,A,R,5,5,,R,P,,,R5P,,,0.922376494,,,,P51580
TPMT,A,R,5,5,,R,Q,,,R5Q,,,0.842153072,,,,P51580
TPMT,A,R,5,5,,R,S,,,R5S,,,1.062245841,,,,P51580
TPMT,A,R,5,5,,R,T,,,R5T,,,0.49192085,,,,P51580
TPMT,A,R,5,5,,R,V,,,R5V,,,1.15648123,,,,P51580
TPMT,A,R,5,5,,R,W,,,R5W,,,1.132143196,,,,P51580
TPMT,A,R,5,5,,R,Y,,,R5Y,,,0.863326327,,,,P51580
TPMT,A,T,6,6,,T,A,,,T6A,,,1.42106276,,,,P51580
TPMT,A,T,6,6,,T,C,,,T6C,,,0.794042401,,,,P51580
TPMT,A,T,6,6,,T,D,,,T6D,,,0.911187989,,,,P51580
TPMT,A,T,6,6,,T,E,,,T6E,,,0.883416187,,,,P51580
TPMT,A,T,6,6,,T,F,,,T6F,,,0.589566604,,,,P51580
TPMT,A,T,6,6,,T,G,,,T6G,,,0.904683754,,,,P51580
TPMT,A,T,6,6,,T,H,,,T6H,,,0.537751094,,,,P51580
TPMT,A,T,6,6,,T,I,,,T6I,,,0.983376404,,,,P51580
TPMT,A,T,6,6,,T,K,,,T6K,,,1.141701918,,,,P51580
TPMT,A,T,6,6,,T,L,,,T6L,,,0.882400057,,,,P51580
TPMT,A,T,6,6,,T,M,,,T6M,,,0.806410596,,,,P51580
TPMT,A,T,6,6,,T,N,,,T6N,,,1.169858789,,,,P51580
TPMT,A,T,6,6,,T,Q,,,T6Q,,,0.705652203,,,,P51580
TPMT,A,T,6,6,,T,R,,,T6R,,,0.958120653,,,,P51580
TPMT,A,T,6,6,,T,S,,,T6S,,,1.101800736,,,,P51580
TPMT,A,T,6,6,,T,V,,,T6V,,,1.035905373,,,,P51580
TPMT,A,T,6,6,,T,W,,,T6W,,,1.10182351,,,,P51580
TPMT,A,T,6,6,,T,Y,,,T6Y,,,0.932211494,,,,P51580
TPMT,A,S,7,7,,S,A,,,S7A,,,0.543859451,,,,P51580
TPMT,A,S,7,7,,S,C,,,S7C,,,1.013742353,,,,P51580
TPMT,A,S,7,7,,S,E,,,S7E,,,1.149209874,,,,P51580
TPMT,A,S,7,7,,S,G,,,S7G,,,1.10686174,,,,P51580
TPMT,A,S,7,7,,S,H,,,S7H,,,0.59999141,,,,P51580
TPMT,A,S,7,7,,S,I,,,S7I,,,0.725266506,,,,P51580
TPMT,A,S,7,7,,S,L,,,S7L,,,0.86703929,,,,P51580
TPMT,A,S,7,7,,S,M,,,S7M,,,1.004740977,,,,P51580
TPMT,A,S,7,7,,S,P,,,S7P,,,0.786500628,,,,P51580
TPMT,A,S,7,7,,S,Q,,,S7Q,,,1.137837982,,,,P51580
TPMT,A,S,7,7,,S,R,,,S7R,,,0.818496125,,,,P51580
TPMT,A,S,7,7,,S,T,,,S7T,,,1.06625799,,,,P51580
TPMT,A,S,7,7,,S,V,,,S7V,,,0.724922829,,,,P51580
TPMT,A,S,7,7,,S,W,,,S7W,,,0.948939131,,,,P51580
TPMT,A,L,8,8,,L,A,,,L8A,,,1.143306219,,,,P51580
TPMT,A,L,8,8,,L,C,,,L8C,,,0.97742814,,,,P51580
TPMT,A,L,8,8,,L,D,,,L8D,,,1.136813935,,,,P51580
TPMT,A,L,8,8,,L,E,,,L8E,,,1.111448864,,,,P51580
TPMT,A,L,8,8,,L,F,,,L8F,,,1.110336372,,,,P51580
TPMT,A,L,8,8,,L,G,,,L8G,,,0.981677068,,,,P51580
TPMT,A,L,8,8,,L,I,,,L8I,,,1.12372617,,,,P51580
TPMT,A,L,8,8,,L,K,,,L8K,,,0.993705596,,,,P51580
TPMT,A,L,8,8,,L,M,,,L8M,,,1.354031075,,,,P51580
TPMT,A,L,8,8,,L,P,,,L8P,,,0.823011173,,,,P51580
TPMT,A,L,8,8,,L,Q,,,L8Q,,,0.833657297,,,,P51580
TPMT,A,L,8,8,,L,R,,,L8R,,,1.013946457,,,,P51580
TPMT,A,L,8,8,,L,T,,,L8T,,,0.843312457,,,,P51580
TPMT,A,L,8,8,,L,V,,,L8V,,,0.808673903,,,,P51580
TPMT,A,L,8,8,,L,W,,,L8W,,,0.762300281,,,,P51580
TPMT,A,L,8,8,,L,Y,,,L8Y,,,0.893028858,,,,P51580
TPMT,A,D,9,9,,D,A,,,D9A,,,1.026752856,,,,P51580
TPMT,A,D,9,9,,D,E,,,D9E,,,0.816469133,,,,P51580
TPMT,A,D,9,9,,D,F,,,D9F,,,0.961081067,,,,P51580
TPMT,A,D,9,9,,D,G,,,D9G,,,1.036761957,,,,P51580
TPMT,A,D,9,9,,D,H,,,D9H,,,1.115204776,,,,P51580
TPMT,A,D,9,9,,D,L,,,D9L,,,0.574417826,,,,P51580
TPMT,A,D,9,9,,D,M,,,D9M,,,0.576025621,,,,P51580
TPMT,A,D,9,9,,D,N,,,D9N,,,0.779364023,,,,P51580
TPMT,A,D,9,9,,D,P,,,D9P,,,1.087180762,,,,P51580
TPMT,A,D,9,9,,D,Q,,,D9Q,,,0.714809418,,,,P51580
TPMT,A,D,9,9,,D,R,,,D9R,,,0.8892043,,,,P51580
TPMT,A,D,9,9,,D,S,,,D9S,,,0.659857321,,,,P51580
TPMT,A,D,9,9,,D,T,,,D9T,,,0.849743385,,,,P51580
TPMT,A,D,9,9,,D,V,,,D9V,,,1.057023145,,,,P51580
TPMT,A,D,9,9,,D,W,,,D9W,,,0.859122864,,,,P51580
TPMT,A,I,10,10,,I,A,,,I10A,,,1.028410457,,,,P51580
TPMT,A,I,10,10,,I,C,,,I10C,,,1.019482218,,,,P51580
TPMT,A,I,10,10,,I,E,,,I10E,,,1.10156076,,,,P51580
TPMT,A,I,10,10,,I,F,,,I10F,,,1.390107931,,,,P51580
TPMT,A,I,10,10,,I,G,,,I10G,,,0.889957814,,,,P51580
TPMT,A,I,10,10,,I,K,,,I10K,,,1.128302777,,,,P51580
TPMT,A,I,10,10,,I,L,,,I10L,,,0.840275683,,,,P51580
TPMT,A,I,10,10,,I,M,,,I10M,,,0.902682309,,,,P51580
TPMT,A,I,10,10,,I,N,,,I10N,,,0.848128695,,,,P51580
TPMT,A,I,10,10,,I,Q,,,I10Q,,,1.096978912,,,,P51580
TPMT,A,I,10,10,,I,R,,,I10R,,,0.964310115,,,,P51580
TPMT,A,I,10,10,,I,S,,,I10S,,,0.724150952,,,,P51580
TPMT,A,I,10,10,,I,V,,,I10V,,,0.803644029,,,,P51580
TPMT,A,I,10,10,,I,W,,,I10W,,,0.835447023,,,,P51580
TPMT,A,I,10,10,,I,Y,,,I10Y,,,1.053986263,,,,P51580
TPMT,A,E,11,11,,E,C,,,E11C,,,1.039339925,,,,P51580
TPMT,A,E,11,11,,E,D,,,E11D,,,1.474274728,,,,P51580
TPMT,A,E,11,11,,E,F,,,E11F,,,0.833326548,,,,P51580
TPMT,A,E,11,11,,E,G,,,E11G,,,0.933738219,,,,P51580
TPMT,A,E,11,11,,E,H,,,E11H,,,1.047907275,,,,P51580
TPMT,A,E,11,11,,E,I,,,E11I,,,1.022662011,,,,P51580
TPMT,A,E,11,11,,E,K,,,E11K,,,1.052729658,,,,P51580
TPMT,A,E,11,11,,E,L,,,E11L,,,0.744872232,,,,P51580
TPMT,A,E,11,11,,E,M,,,E11M,,,0.490319031,,,,P51580
TPMT,A,E,11,11,,E,N,,,E11N,,,1.245196646,,,,P51580
TPMT,A,E,11,11,,E,P,,,E11P,,,1.057640049,,,,P51580
TPMT,A,E,11,11,,E,R,,,E11R,,,0.95817414,,,,P51580
TPMT,A,E,11,11,,E,S,,,E11S,,,0.894514695,,,,P51580
TPMT,A,E,11,11,,E,T,,,E11T,,,0.840724711,,,,P51580
TPMT,A,E,11,11,,E,V,,,E11V,,,0.723280907,,,,P51580
TPMT,A,E,11,11,,E,W,,,E11W,,,1.00746915,,,,P51580
TPMT,A,E,11,11,,E,Y,,,E11Y,,,1.221631607,,,,P51580
TPMT,A,E,12,12,,E,A,,,E12A,,,0.995443144,,,,P51580
TPMT,A,E,12,12,,E,C,,,E12C,,,0.877991857,,,,P51580
TPMT,A,E,12,12,,E,D,,,E12D,,,1.134225362,,,,P51580
TPMT,A,E,12,12,,E,F,,,E12F,,,1.063642854,,,,P51580
TPMT,A,E,12,12,,E,G,,,E12G,,,0.870944513,,,,P51580
TPMT,A,E,12,12,,E,H,,,E12H,,,0.95207742,,,,P51580
TPMT,A,E,12,12,,E,I,,,E12I,,,0.703520072,,,,P51580
TPMT,A,E,12,12,,E,K,,,E12K,,,0.460586401,,,,P51580
TPMT,A,E,12,12,,E,L,,,E12L,,,0.777476107,,,,P51580
TPMT,A,E,12,12,,E,M,,,E12M,,,1.052424311,,,,P51580
TPMT,A,E,12,12,,E,P,,,E12P,,,0.496425155,,,,P51580
TPMT,A,E,12,12,,E,Q,,,E12Q,,,0.965333571,,,,P51580
TPMT,A,E,12,12,,E,R,,,E12R,,,0.94542615,,,,P51580
TPMT,A,E,12,12,,E,S,,,E12S,,,0.970263907,,,,P51580
TPMT,A,E,12,12,,E,T,,,E12T,,,0.989285625,,,,P51580
TPMT,A,E,12,12,,E,V,,,E12V,,,0.842788932,,,,P51580
TPMT,A,E,12,12,,E,W,,,E12W,,,0.867218377,,,,P51580
TPMT,A,E,12,12,,E,Y,,,E12Y,,,0.58225631,,,,P51580
TPMT,A,Y,13,13,,Y,A,,,Y13A,,,0.98524221,,,,P51580
TPMT,A,Y,13,13,,Y,C,,,Y13C,,,0.894610237,,,,P51580
TPMT,A,Y,13,13,,Y,E,,,Y13E,,,0.920358827,,,,P51580
TPMT,A,Y,13,13,,Y,F,,,Y13F,,,1.158506867,,,,P51580
TPMT,A,Y,13,13,,Y,G,,,Y13G,,,0.866587209,,,,P51580
TPMT,A,Y,13,13,,Y,H,,,Y13H,,,0.862468421,,,,P51580
TPMT,A,Y,13,13,,Y,I,,,Y13I,,,1.067851891,,,,P51580
TPMT,A,Y,13,13,,Y,K,,,Y13K,,,0.889314747,,,,P51580
TPMT,A,Y,13,13,,Y,L,,,Y13L,,,0.690835516,,,,P51580
TPMT,A,Y,13,13,,Y,M,,,Y13M,,,1.080630668,,,,P51580
TPMT,A,Y,13,13,,Y,N,,,Y13N,,,0.962280266,,,,P51580
TPMT,A,Y,13,13,,Y,Q,,,Y13Q,,,0.87794513,,,,P51580
TPMT,A,Y,13,13,,Y,R,,,Y13R,,,0.846140329,,,,P51580
TPMT,A,Y,13,13,,Y,S,,,Y13S,,,1.115134204,,,,P51580
TPMT,A,Y,13,13,,Y,T,,,Y13T,,,0.647207825,,,,P51580
TPMT,A,Y,13,13,,Y,V,,,Y13V,,,0.953086231,,,,P51580
TPMT,A,Y,13,13,,Y,W,,,Y13W,,,0.923226789,,,,P51580
TPMT,A,S,14,14,,S,A,,,S14A,,,0.718237329,,,,P51580
TPMT,A,S,14,14,,S,C,,,S14C,,,1.189201158,,,,P51580
TPMT,A,S,14,14,,S,E,,,S14E,,,0.718171762,,,,P51580
TPMT,A,S,14,14,,S,F,,,S14F,,,0.677747416,,,,P51580
TPMT,A,S,14,14,,S,G,,,S14G,,,1.089849102,,,,P51580
TPMT,A,S,14,14,,S,K,,,S14K,,,1.099753381,,,,P51580
TPMT,A,S,14,14,,S,L,,,S14L,,,0.835800134,,,,P51580
TPMT,A,S,14,14,,S,M,,,S14M,,,0.980115126,,,,P51580
TPMT,A,S,14,14,,S,N,,,S14N,,,0.992798456,,,,P51580
TPMT,A,S,14,14,,S,P,,,S14P,,,0.409791709,,,,P51580
TPMT,A,S,14,14,,S,Q,,,S14Q,,,0.65671236,,,,P51580
TPMT,A,S,14,14,,S,R,,,S14R,,,1.092339783,,,,P51580
TPMT,A,S,14,14,,S,T,,,S14T,,,0.755707482,,,,P51580
TPMT,A,S,14,14,,S,V,,,S14V,,,0.828251344,,,,P51580
TPMT,A,S,14,14,,S,W,,,S14W,,,0.91400006,,,,P51580
TPMT,A,S,14,14,,S,Y,,,S14Y,,,0.749573137,,,,P51580
TPMT,A,D,15,15,,D,A,,,D15A,,,0.947117527,,,,P51580
TPMT,A,D,15,15,,D,C,,,D15C,,,0.870632375,,,,P51580
TPMT,A,D,15,15,,D,E,,,D15E,,,0.915780741,,,,P51580
TPMT,A,D,15,15,,D,F,,,D15F,,,0.903097344,,,,P51580
TPMT,A,D,15,15,,D,G,,,D15G,,,0.918876248,,,,P51580
TPMT,A,D,15,15,,D,H,,,D15H,,,0.821290539,,,,P51580
TPMT,A,D,15,15,,D,K,,,D15K,,,0.852754741,,,,P51580
TPMT,A,D,15,15,,D,L,,,D15L,,,0.843196285,,,,P51580
TPMT,A,D,15,15,,D,M,,,D15M,,,1.119904394,,,,P51580
TPMT,A,D,15,15,,D,N,,,D15N,,,0.911287558,,,,P51580
TPMT,A,D,15,15,,D,P,,,D15P,,,0.760983348,,,,P51580
TPMT,A,D,15,15,,D,Q,,,D15Q,,,1.065598857,,,,P51580
TPMT,A,D,15,15,,D,R,,,D15R,,,1.048535766,,,,P51580
TPMT,A,D,15,15,,D,S,,,D15S,,,0.929726631,,,,P51580
TPMT,A,D,15,15,,D,T,,,D15T,,,1.13092238,,,,P51580
TPMT,A,D,15,15,,D,V,,,D15V,,,0.992262137,,,,P51580
TPMT,A,D,15,15,,D,W,,,D15W,,,0.881131699,,,,P51580
TPMT,A,T,16,16,,T,A,,,T16A,,,1.047316074,,,,P51580
TPMT,A,T,16,16,,T,C,,,T16C,,,0.131404921,,,,P51580
TPMT,A,T,16,16,,T,D,,,T16D,,,0.672461242,,,,P51580
TPMT,A,T,16,16,,T,E,,,T16E,,,1.249663749,,,,P51580
TPMT,A,T,16,16,,T,F,,,T16F,,,1.098964926,,,,P51580
TPMT,A,T,16,16,,T,G,,,T16G,,,1.105998358,,,,P51580
TPMT,A,T,16,16,,T,H,,,T16H,,,0.854748212,,,,P51580
TPMT,A,T,16,16,,T,I,,,T16I,,,0.906037603,,,,P51580
TPMT,A,T,16,16,,T,K,,,T16K,,,1.166386751,,,,P51580
TPMT,A,T,16,16,,T,L,,,T16L,,,0.828890024,,,,P51580
TPMT,A,T,16,16,,T,M,,,T16M,,,1.157016805,,,,P51580
TPMT,A,T,16,16,,T,N,,,T16N,,,0.92458606,,,,P51580
TPMT,A,T,16,16,,T,P,,,T16P,,,0.741275502,,,,P51580
TPMT,A,T,16,16,,T,R,,,T16R,,,1.009847846,,,,P51580
TPMT,A,T,16,16,,T,S,,,T16S,,,1.230039935,,,,P51580
TPMT,A,T,16,16,,T,V,,,T16V,,,0.92918193,,,,P51580
TPMT,A,T,16,16,,T,W,,,T16W,,,1.216819372,,,,P51580
TPMT,A,T,16,16,,T,Y,,,T16Y,,,0.816229954,,,,P51580
TPMT,A,E,17,17,,E,A,,,E17A,,,0.907087645,,,,P51580
TPMT,A,E,17,17,,E,G,,,E17G,,,1.168783856,,,,P51580
TPMT,A,E,17,17,,E,K,,,E17K,,,0.811481294,,,,P51580
TPMT,A,E,17,17,,E,L,,,E17L,,,0.921239809,,,,P51580
TPMT,A,E,17,17,,E,M,,,E17M,,,0.907475596,,,,P51580
TPMT,A,E,17,17,,E,P,,,E17P,,,0.818356976,,,,P51580
TPMT,A,E,17,17,,E,Q,,,E17Q,,,0.914628834,,,,P51580
TPMT,A,E,17,17,,E,R,,,E17R,,,0.90295176,,,,P51580
TPMT,A,E,17,17,,E,S,,,E17S,,,1.024810689,,,,P51580
TPMT,A,E,17,17,,E,T,,,E17T,,,0.798953841,,,,P51580
TPMT,A,E,17,17,,E,V,,,E17V,,,0.967944844,,,,P51580
TPMT,A,E,17,17,,E,W,,,E17W,,,0.956191706,,,,P51580
TPMT,A,V,18,18,,V,A,,,V18A,,,1.112539648,,,,P51580
TPMT,A,V,18,18,,V,E,,,V18E,,,1.173102095,,,,P51580
TPMT,A,V,18,18,,V,G,,,V18G,,,0.963684503,,,,P51580
TPMT,A,V,18,18,,V,K,,,V18K,,,0.352844944,,,,P51580
TPMT,A,V,18,18,,V,L,,,V18L,,,1.086447859,,,,P51580
TPMT,A,V,18,18,,V,M,,,V18M,,,1.063625209,,,,P51580
TPMT,A,V,18,18,,V,P,,,V18P,,,0.843570875,,,,P51580
TPMT,A,V,18,18,,V,Q,,,V18Q,,,0.658606427,,,,P51580
TPMT,A,V,18,18,,V,R,,,V18R,,,0.868869632,,,,P51580
TPMT,A,V,18,18,,V,S,,,V18S,,,0.955380167,,,,P51580
TPMT,A,V,18,18,,V,T,,,V18T,,,0.795909434,,,,P51580
TPMT,A,V,18,18,,V,W,,,V18W,,,0.819167712,,,,P51580
TPMT,A,Q,19,19,,Q,G,,,Q19G,,,0.693769979,,,,P51580
TPMT,A,Q,19,19,,Q,R,,,Q19R,,,0.241278841,,,,P51580
TPMT,A,Q,19,19,,Q,S,,,Q19S,,,0.740468125,,,,P51580
TPMT,A,Q,19,19,,Q,T,,,Q19T,,,0.918194312,,,,P51580
TPMT,A,Q,19,19,,Q,V,,,Q19V,,,0.862795212,,,,P51580
TPMT,A,K,20,20,,K,A,,,K20A,,,0.933270885,,,,P51580
TPMT,A,K,20,20,,K,C,,,K20C,,,1.00873977,,,,P51580
TPMT,A,K,20,20,,K,D,,,K20D,,,0.813391634,,,,P51580
TPMT,A,K,20,20,,K,E,,,K20E,,,0.885977327,,,,P51580
TPMT,A,K,20,20,,K,F,,,K20F,,,0.99231584,,,,P51580
TPMT,A,K,20,20,,K,G,,,K20G,,,1.000952949,,,,P51580
TPMT,A,K,20,20,,K,I,,,K20I,,,0.695699865,,,,P51580
TPMT,A,K,20,20,,K,L,,,K20L,,,1.139676901,,,,P51580
TPMT,A,K,20,20,,K,M,,,K20M,,,0.780451856,,,,P51580
TPMT,A,K,20,20,,K,P,,,K20P,,,0.865258953,,,,P51580
TPMT,A,K,20,20,,K,Q,,,K20Q,,,1.274048765,,,,P51580
TPMT,A,K,20,20,,K,S,,,K20S,,,1.043242511,,,,P51580
TPMT,A,K,20,20,,K,T,,,K20T,,,1.141595479,,,,P51580
TPMT,A,K,20,20,,K,V,,,K20V,,,0.975691916,,,,P51580
TPMT,A,K,20,20,,K,W,,,K20W,,,0.831686734,,,,P51580
TPMT,A,K,20,20,,K,Y,,,K20Y,,,1.055436284,,,,P51580
TPMT,A,N,21,21,,N,A,,,N21A,,,0.990085829,,,,P51580
TPMT,A,N,21,21,,N,C,,,N21C,,,1.015027411,,,,P51580
TPMT,A,N,21,21,,N,D,,,N21D,,,1.019974065,,,,P51580
TPMT,A,N,21,21,,N,E,,,N21E,,,1.140997213,,,,P51580
TPMT,A,N,21,21,,N,G,,,N21G,,,0.934590492,,,,P51580
TPMT,A,N,21,21,,N,K,,,N21K,,,0.461572882,,,,P51580
TPMT,A,N,21,21,,N,L,,,N21L,,,0.926299157,,,,P51580
TPMT,A,N,21,21,,N,M,,,N21M,,,1.167555154,,,,P51580
TPMT,A,N,21,21,,N,Q,,,N21Q,,,1.31385161,,,,P51580
TPMT,A,N,21,21,,N,R,,,N21R,,,0.854721376,,,,P51580
TPMT,A,N,21,21,,N,T,,,N21T,,,0.99057622,,,,P51580
TPMT,A,N,21,21,,N,V,,,N21V,,,1.005049884,,,,P51580
TPMT,A,N,21,21,,N,W,,,N21W,,,0.949897207,,,,P51580
TPMT,A,Q,22,22,,Q,A,,,Q22A,,,0.737311861,,,,P51580
TPMT,A,Q,22,22,,Q,C,,,Q22C,,,1.022865996,,,,P51580
TPMT,A,Q,22,22,,Q,D,,,Q22D,,,1.113166633,,,,P51580
TPMT,A,Q,22,22,,Q,E,,,Q22E,,,0.906050181,,,,P51580
TPMT,A,Q,22,22,,Q,F,,,Q22F,,,1.149065633,,,,P51580
TPMT,A,Q,22,22,,Q,I,,,Q22I,,,0.947262424,,,,P51580
TPMT,A,Q,22,22,,Q,K,,,Q22K,,,0.977302705,,,,P51580
TPMT,A,Q,22,22,,Q,L,,,Q22L,,,0.737478603,,,,P51580
TPMT,A,Q,22,22,,Q,M,,,Q22M,,,1.093148383,,,,P51580
TPMT,A,Q,22,22,,Q,N,,,Q22N,,,1.320406097,,,,P51580
TPMT,A,Q,22,22,,Q,P,,,Q22P,,,0.681871448,,,,P51580
TPMT,A,Q,22,22,,Q,S,,,Q22S,,,1.139031907,,,,P51580
TPMT,A,Q,22,22,,Q,T,,,Q22T,,,1.072361713,,,,P51580
TPMT,A,Q,22,22,,Q,V,,,Q22V,,,0.994161796,,,,P51580
TPMT,A,Q,22,22,,Q,W,,,Q22W,,,0.689536195,,,,P51580
TPMT,A,Q,22,22,,Q,Y,,,Q22Y,,,0.734374613,,,,P51580
TPMT,A,V,23,23,,V,A,,,V23A,,,1.127710478,,,,P51580
TPMT,A,V,23,23,,V,C,,,V23C,,,1.010485782,,,,P51580
TPMT,A,V,23,23,,V,D,,,V23D,,,0.793081509,,,,P51580
TPMT,A,V,23,23,,V,F,,,V23F,,,0.889269544,,,,P51580
TPMT,A,V,23,23,,V,G,,,V23G,,,1.009835662,,,,P51580
TPMT,A,V,23,23,,V,H,,,V23H,,,1.113423152,,,,P51580
TPMT,A,V,23,23,,V,I,,,V23I,,,1.471229528,,,,P51580
TPMT,A,V,23,23,,V,K,,,V23K,,,0.951432001,,,,P51580
TPMT,A,V,23,23,,V,L,,,V23L,,,1.240013256,,,,P51580
TPMT,A,V,23,23,,V,M,,,V23M,,,1.079296483,,,,P51580
TPMT,A,V,23,23,,V,N,,,V23N,,,1.217909868,,,,P51580
TPMT,A,V,23,23,,V,P,,,V23P,,,0.845956842,,,,P51580
TPMT,A,V,23,23,,V,R,,,V23R,,,0.931839638,,,,P51580
TPMT,A,V,23,23,,V,T,,,V23T,,,0.96794262,,,,P51580
TPMT,A,V,23,23,,V,W,,,V23W,,,0.987037183,,,,P51580
TPMT,A,V,23,23,,V,Y,,,V23Y,,,1.088783019,,,,P51580
TPMT,A,L,24,24,,L,A,,,L24A,,,0.988597642,,,,P51580
TPMT,A,L,24,24,,L,C,,,L24C,,,1.096538654,,,,P51580
TPMT,A,L,24,24,,L,D,,,L24D,,,0.578944013,,,,P51580
TPMT,A,L,24,24,,L,E,,,L24E,,,0.805413969,,,,P51580
TPMT,A,L,24,24,,L,F,,,L24F,,,1.051935685,,,,P51580
TPMT,A,L,24,24,,L,G,,,L24G,,,0.775868914,,,,P51580
TPMT,A,L,24,24,,L,H,,,L24H,,,0.802219831,,,,P51580
TPMT,A,L,24,24,,L,I,,,L24I,,,1.388780402,,,,P51580
TPMT,A,L,24,24,,L,K,,,L24K,,,1.011822109,,,,P51580
TPMT,A,L,24,24,,L,M,,,L24M,,,1.016131856,,,,P51580
TPMT,A,L,24,24,,L,N,,,L24N,,,1.259361823,,,,P51580
TPMT,A,L,24,24,,L,P,,,L24P,,,0.725186906,,,,P51580
TPMT,A,L,24,24,,L,Q,,,L24Q,,,0.484480408,,,,P51580
TPMT,A,L,24,24,,L,R,,,L24R,,,0.992805005,,,,P51580
TPMT,A,L,24,24,,L,S,,,L24S,,,0.720538114,,,,P51580
TPMT,A,L,24,24,,L,T,,,L24T,,,1.197035883,,,,P51580
TPMT,A,L,24,24,,L,V,,,L24V,,,0.806048192,,,,P51580
TPMT,A,L,24,24,,L,W,,,L24W,,,0.896729567,,,,P51580
TPMT,A,T,25,25,,T,A,,,T25A,,,0.524103344,,,,P51580
TPMT,A,T,25,25,,T,C,,,T25C,,,0.562384552,,,,P51580
TPMT,A,T,25,25,,T,D,,,T25D,,,1.104329463,,,,P51580
TPMT,A,T,25,25,,T,E,,,T25E,,,1.011038255,,,,P51580
TPMT,A,T,25,25,,T,G,,,T25G,,,0.860296406,,,,P51580
TPMT,A,T,25,25,,T,I,,,T25I,,,0.786816428,,,,P51580
TPMT,A,T,25,25,,T,K,,,T25K,,,0.600147978,,,,P51580
TPMT,A,T,25,25,,T,L,,,T25L,,,0.790826245,,,,P51580
TPMT,A,T,25,25,,T,M,,,T25M,,,1.015765253,,,,P51580
TPMT,A,T,25,25,,T,N,,,T25N,,,1.075042587,,,,P51580
TPMT,A,T,25,25,,T,P,,,T25P,,,0.888399044,,,,P51580
TPMT,A,T,25,25,,T,Q,,,T25Q,,,0.937095959,,,,P51580
TPMT,A,T,25,25,,T,R,,,T25R,,,0.955508451,,,,P51580
TPMT,A,T,25,25,,T,S,,,T25S,,,1.15057362,,,,P51580
TPMT,A,T,25,25,,T,V,,,T25V,,,0.740748973,,,,P51580
TPMT,A,T,25,25,,T,W,,,T25W,,,0.570738296,,,,P51580
TPMT,A,L,26,26,,L,A,,,L26A,,,0.761813915,,,,P51580
TPMT,A,L,26,26,,L,C,,,L26C,,,1.036182279,,,,P51580
TPMT,A,L,26,26,,L,D,,,L26D,,,0.876730231,,,,P51580
TPMT,A,L,26,26,,L,E,,,L26E,,,0.972019608,,,,P51580
TPMT,A,L,26,26,,L,F,,,L26F,,,0.903438056,,,,P51580
TPMT,A,L,26,26,,L,G,,,L26G,,,0.793124646,,,,P51580
TPMT,A,L,26,26,,L,H,,,L26H,,,0.838501087,,,,P51580
TPMT,A,L,26,26,,L,M,,,L26M,,,0.793669216,,,,P51580
TPMT,A,L,26,26,,L,N,,,L26N,,,1.175488548,,,,P51580
TPMT,A,L,26,26,,L,P,,,L26P,,,1.045246085,,,,P51580
TPMT,A,L,26,26,,L,R,,,L26R,,,0.867282492,,,,P51580
TPMT,A,L,26,26,,L,S,,,L26S,,,0.830026725,,,,P51580
TPMT,A,L,26,26,,L,T,,,L26T,,,0.846995912,,,,P51580
TPMT,A,L,26,26,,L,V,,,L26V,,,0.744563009,,,,P51580
TPMT,A,L,26,26,,L,W,,,L26W,,,0.626764037,,,,P51580
TPMT,A,L,26,26,,L,Y,,,L26Y,,,0.888948104,,,,P51580
TPMT,A,E,27,27,,E,A,,,E27A,,,1.247505964,,,,P51580
TPMT,A,E,27,27,,E,C,,,E27C,,,0.704649294,,,,P51580
TPMT,A,E,27,27,,E,F,,,E27F,,,0.822305512,,,,P51580
TPMT,A,E,27,27,,E,G,,,E27G,,,1.084854641,,,,P51580
TPMT,A,E,27,27,,E,I,,,E27I,,,0.932099403,,,,P51580
TPMT,A,E,27,27,,E,K,,,E27K,,,0.646504168,,,,P51580
TPMT,A,E,27,27,,E,L,,,E27L,,,0.878663676,,,,P51580
TPMT,A,E,27,27,,E,M,,,E27M,,,0.875321644,,,,P51580
TPMT,A,E,27,27,,E,N,,,E27N,,,1.033012329,,,,P51580
TPMT,A,E,27,27,,E,P,,,E27P,,,0.665125357,,,,P51580
TPMT,A,E,27,27,,E,Q,,,E27Q,,,0.822360931,,,,P51580
TPMT,A,E,27,27,,E,R,,,E27R,,,0.992039002,,,,P51580
TPMT,A,E,27,27,,E,S,,,E27S,,,1.19435544,,,,P51580
TPMT,A,E,27,27,,E,T,,,E27T,,,0.879990793,,,,P51580
TPMT,A,E,27,27,,E,V,,,E27V,,,0.902221789,,,,P51580
TPMT,A,E,27,27,,E,W,,,E27W,,,0.718255379,,,,P51580
TPMT,A,E,27,27,,E,Y,,,E27Y,,,1.117872386,,,,P51580
TPMT,A,E,28,28,,E,A,,,E28A,,,0.905530445,,,,P51580
TPMT,A,E,28,28,,E,C,,,E28C,,,1.100415994,,,,P51580
TPMT,A,E,28,28,,E,D,,,E28D,,,1.357083157,,,,P51580
TPMT,A,E,28,28,,E,G,,,E28G,,,1.01540443,,,,P51580
TPMT,A,E,28,28,,E,H,,,E28H,,,0.960495841,,,,P51580
TPMT,A,E,28,28,,E,I,,,E28I,,,0.760646139,,,,P51580
TPMT,A,E,28,28,,E,K,,,E28K,,,1.050828318,,,,P51580
TPMT,A,E,28,28,,E,L,,,E28L,,,0.860605842,,,,P51580
TPMT,A,E,28,28,,E,M,,,E28M,,,0.790669309,,,,P51580
TPMT,A,E,28,28,,E,N,,,E28N,,,0.821543674,,,,P51580
TPMT,A,E,28,28,,E,P,,,E28P,,,0.656385375,,,,P51580
TPMT,A,E,28,28,,E,R,,,E28R,,,0.949889054,,,,P51580
TPMT,A,E,28,28,,E,S,,,E28S,,,0.743663303,,,,P51580
TPMT,A,E,28,28,,E,T,,,E28T,,,0.865051334,,,,P51580
TPMT,A,E,28,28,,E,V,,,E28V,,,0.971851882,,,,P51580
TPMT,A,E,28,28,,E,W,,,E28W,,,0.824929132,,,,P51580
TPMT,A,W,29,29,,W,A,,,W29A,,,0.740508411,,,,P51580
TPMT,A,W,29,29,,W,C,,,W29C,,,0.736283707,,,,P51580
TPMT,A,W,29,29,,W,E,,,W29E,,,0.802220636,,,,P51580
TPMT,A,W,29,29,,W,G,,,W29G,,,0.746476972,,,,P51580
TPMT,A,W,29,29,,W,H,,,W29H,,,1.005863317,,,,P51580
TPMT,A,W,29,29,,W,K,,,W29K,,,0.669734093,,,,P51580
TPMT,A,W,29,29,,W,L,,,W29L,,,0.943075086,,,,P51580
TPMT,A,W,29,29,,W,M,,,W29M,,,0.448955438,,,,P51580
TPMT,A,W,29,29,,W,Q,,,W29Q,,,0.827344478,,,,P51580
TPMT,A,W,29,29,,W,R,,,W29R,,,0.697095573,,,,P51580
TPMT,A,W,29,29,,W,S,,,W29S,,,0.682715505,,,,P51580
TPMT,A,W,29,29,,W,T,,,W29T,,,0.847949571,,,,P51580
TPMT,A,W,29,29,,W,V,,,W29V,,,0.653979021,,,,P51580
TPMT,A,W,29,29,,W,Y,,,W29Y,,,0.609287899,,,,P51580
TPMT,A,Q,30,30,,Q,A,,,Q30A,,,0.713499493,,,,P51580
TPMT,A,Q,30,30,,Q,C,,,Q30C,,,1.027703969,,,,P51580
TPMT,A,Q,30,30,,Q,D,,,Q30D,,,1.024382245,,,,P51580
TPMT,A,Q,30,30,,Q,E,,,Q30E,,,0.97910177,,,,P51580
TPMT,A,Q,30,30,,Q,F,,,Q30F,,,0.927045279,,,,P51580
TPMT,A,Q,30,30,,Q,G,,,Q30G,,,0.947268509,,,,P51580
TPMT,A,Q,30,30,,Q,H,,,Q30H,,,0.866362702,,,,P51580
TPMT,A,Q,30,30,,Q,I,,,Q30I,,,0.957997439,,,,P51580
TPMT,A,Q,30,30,,Q,K,,,Q30K,,,0.281799038,,,,P51580
TPMT,A,Q,30,30,,Q,L,,,Q30L,,,0.892097979,,,,P51580
TPMT,A,Q,30,30,,Q,M,,,Q30M,,,0.962675497,,,,P51580
TPMT,A,Q,30,30,,Q,N,,,Q30N,,,0.831059375,,,,P51580
TPMT,A,Q,30,30,,Q,R,,,Q30R,,,0.982645119,,,,P51580
TPMT,A,Q,30,30,,Q,S,,,Q30S,,,0.849535739,,,,P51580
TPMT,A,Q,30,30,,Q,T,,,Q30T,,,0.739580274,,,,P51580
TPMT,A,Q,30,30,,Q,V,,,Q30V,,,0.968139451,,,,P51580
TPMT,A,Q,30,30,,Q,W,,,Q30W,,,0.806757871,,,,P51580
TPMT,A,Q,30,30,,Q,Y,,,Q30Y,,,0.77111698,,,,P51580
TPMT,A,D,31,31,,D,A,,,D31A,,,0.849989772,,,,P51580
TPMT,A,D,31,31,,D,C,,,D31C,,,1.183692829,,,,P51580
TPMT,A,D,31,31,,D,F,,,D31F,,,0.848498237,,,,P51580
TPMT,A,D,31,31,,D,G,,,D31G,,,0.946005259,,,,P51580
TPMT,A,D,31,31,,D,H,,,D31H,,,0.866982731,,,,P51580
TPMT,A,D,31,31,,D,I,,,D31I,,,1.131354199,,,,P51580
TPMT,A,D,31,31,,D,K,,,D31K,,,0.968165776,,,,P51580
TPMT,A,D,31,31,,D,L,,,D31L,,,0.846430038,,,,P51580
TPMT,A,D,31,31,,D,M,,,D31M,,,0.909622072,,,,P51580
TPMT,A,D,31,31,,D,P,,,D31P,,,0.48400315,,,,P51580
TPMT,A,D,31,31,,D,Q,,,D31Q,,,0.543830465,,,,P51580
TPMT,A,D,31,31,,D,R,,,D31R,,,1.043655721,,,,P51580
TPMT,A,D,31,31,,D,S,,,D31S,,,0.994503859,,,,P51580
TPMT,A,D,31,31,,D,T,,,D31T,,,1.100491788,,,,P51580
TPMT,A,D,31,31,,D,V,,,D31V,,,0.969174437,,,,P51580
TPMT,A,D,31,31,,D,W,,,D31W,,,0.748666259,,,,P51580
TPMT,A,D,31,31,,D,Y,,,D31Y,,,-0.232985978,,,,P51580
TPMT,A,K,32,32,,K,A,,,K32A,,,0.809989279,,,,P51580
TPMT,A,K,32,32,,K,C,,,K32C,,,0.627555463,,,,P51580
TPMT,A,K,32,32,,K,E,,,K32E,,,0.989140039,,,,P51580
TPMT,A,K,32,32,,K,F,,,K32F,,,1.110185426,,,,P51580
TPMT,A,K,32,32,,K,G,,,K32G,,,1.000587347,,,,P51580
TPMT,A,K,32,32,,K,H,,,K32H,,,1.008637634,,,,P51580
TPMT,A,K,32,32,,K,I,,,K32I,,,0.6782688,,,,P51580
TPMT,A,K,32,32,,K,L,,,K32L,,,0.943406057,,,,P51580
TPMT,A,K,32,32,,K,M,,,K32M,,,0.871670795,,,,P51580
TPMT,A,K,32,32,,K,N,,,K32N,,,0.78167054,,,,P51580
TPMT,A,K,32,32,,K,P,,,K32P,,,0.894168311,,,,P51580
TPMT,A,K,32,32,,K,Q,,,K32Q,,,0.813728223,,,,P51580
TPMT,A,K,32,32,,K,R,,,K32R,,,0.964072631,,,,P51580
TPMT,A,K,32,32,,K,S,,,K32S,,,0.770221491,,,,P51580
TPMT,A,K,32,32,,K,T,,,K32T,,,1.034826244,,,,P51580
TPMT,A,K,32,32,,K,V,,,K32V,,,0.905787612,,,,P51580
TPMT,A,K,32,32,,K,W,,,K32W,,,0.904009668,,,,P51580
TPMT,A,K,32,32,,K,Y,,,K32Y,,,1.111306469,,,,P51580
TPMT,A,W,33,33,,W,A,,,W33A,,,0.89085904,,,,P51580
TPMT,A,W,33,33,,W,C,,,W33C,,,0.857749696,,,,P51580
TPMT,A,W,33,33,,W,D,,,W33D,,,0.890561495,,,,P51580
TPMT,A,W,33,33,,W,E,,,W33E,,,0.64416435,,,,P51580
TPMT,A,W,33,33,,W,G,,,W33G,,,0.730050098,,,,P51580
TPMT,A,W,33,33,,W,I,,,W33I,,,0.745018346,,,,P51580
TPMT,A,W,33,33,,W,K,,,W33K,,,0.658135016,,,,P51580
TPMT,A,W,33,33,,W,L,,,W33L,,,0.684010071,,,,P51580
TPMT,A,W,33,33,,W,N,,,W33N,,,0.476705153,,,,P51580
TPMT,A,W,33,33,,W,P,,,W33P,,,0.564380076,,,,P51580
TPMT,A,W,33,33,,W,Q,,,W33Q,,,0.778126906,,,,P51580
TPMT,A,W,33,33,,W,R,,,W33R,,,0.712567015,,,,P51580
TPMT,A,W,33,33,,W,S,,,W33S,,,0.661563207,,,,P51580
TPMT,A,W,33,33,,W,T,,,W33T,,,0.671732701,,,,P51580
TPMT,A,W,33,33,,W,V,,,W33V,,,0.858638532,,,,P51580
TPMT,A,W,33,33,,W,Y,,,W33Y,,,0.686169385,,,,P51580
TPMT,A,V,34,34,,V,A,,,V34A,,,1.084082254,,,,P51580
TPMT,A,V,34,34,,V,C,,,V34C,,,0.768898818,,,,P51580
TPMT,A,V,34,34,,V,D,,,V34D,,,0.963247466,,,,P51580
TPMT,A,V,34,34,,V,E,,,V34E,,,0.996492233,,,,P51580
TPMT,A,V,34,34,,V,F,,,V34F,,,1.103336558,,,,P51580
TPMT,A,V,34,34,,V,G,,,V34G,,,0.928262144,,,,P51580
TPMT,A,V,34,34,,V,H,,,V34H,,,0.936425321,,,,P51580
TPMT,A,V,34,34,,V,I,,,V34I,,,1.159760015,,,,P51580
TPMT,A,V,34,34,,V,K,,,V34K,,,-0.21278626,,,,P51580
TPMT,A,V,34,34,,V,L,,,V34L,,,0.957886921,,,,P51580
TPMT,A,V,34,34,,V,M,,,V34M,,,1.098095255,,,,P51580
TPMT,A,V,34,34,,V,N,,,V34N,,,0.758553395,,,,P51580
TPMT,A,V,34,34,,V,P,,,V34P,,,0.643102651,,,,P51580
TPMT,A,V,34,34,,V,R,,,V34R,,,1.03822317,,,,P51580
TPMT,A,V,34,34,,V,S,,,V34S,,,0.809460087,,,,P51580
TPMT,A,V,34,34,,V,T,,,V34T,,,0.992931372,,,,P51580
TPMT,A,V,34,34,,V,W,,,V34W,,,0.752399477,,,,P51580
TPMT,A,V,34,34,,V,Y,,,V34Y,,,0.79701901,,,,P51580
TPMT,A,N,35,35,,N,A,,,N35A,,,0.961715996,,,,P51580
TPMT,A,N,35,35,,N,C,,,N35C,,,1.09466829,,,,P51580
TPMT,A,N,35,35,,N,D,,,N35D,,,1.233026504,,,,P51580
TPMT,A,N,35,35,,N,E,,,N35E,,,1.14259483,,,,P51580
TPMT,A,N,35,35,,N,G,,,N35G,,,0.933285555,,,,P51580
TPMT,A,N,35,35,,N,H,,,N35H,,,1.020073125,,,,P51580
TPMT,A,N,35,35,,N,K,,,N35K,,,0.71622453,,,,P51580
TPMT,A,N,35,35,,N,L,,,N35L,,,0.915427107,,,,P51580
TPMT,A,N,35,35,,N,M,,,N35M,,,0.998913584,,,,P51580
TPMT,A,N,35,35,,N,P,,,N35P,,,0.784986559,,,,P51580
TPMT,A,N,35,35,,N,Q,,,N35Q,,,1.01863365,,,,P51580
TPMT,A,N,35,35,,N,R,,,N35R,,,1.029166716,,,,P51580
TPMT,A,N,35,35,,N,S,,,N35S,,,1.248673563,,,,P51580
TPMT,A,N,35,35,,N,T,,,N35T,,,1.1021183,,,,P51580
TPMT,A,N,35,35,,N,V,,,N35V,,,0.897779669,,,,P51580
TPMT,A,N,35,35,,N,W,,,N35W,,,1.024215506,,,,P51580
TPMT,A,G,36,36,,G,A,,,G36A,,,1.074323285,,,,P51580
TPMT,A,G,36,36,,G,C,,,G36C,,,1.120260553,,,,P51580
TPMT,A,G,36,36,,G,E,,,G36E,,,1.190521786,,,,P51580
TPMT,A,G,36,36,,G,F,,,G36F,,,0.925703082,,,,P51580
TPMT,A,G,36,36,,G,H,,,G36H,,,1.156604282,,,,P51580
TPMT,A,G,36,36,,G,I,,,G36I,,,0.744347204,,,,P51580
TPMT,A,G,36,36,,G,K,,,G36K,,,0.921296492,,,,P51580
TPMT,A,G,36,36,,G,L,,,G36L,,,0.788706122,,,,P51580
TPMT,A,G,36,36,,G,M,,,G36M,,,1.069645189,,,,P51580
TPMT,A,G,36,36,,G,N,,,G36N,,,1.014511949,,,,P51580
TPMT,A,G,36,36,,G,P,,,G36P,,,0.862365001,,,,P51580
TPMT,A,G,36,36,,G,Q,,,G36Q,,,1.070119888,,,,P51580
TPMT,A,G,36,36,,G,R,,,G36R,,,1.158924559,,,,P51580
TPMT,A,G,36,36,,G,S,,,G36S,,,0.881979827,,,,P51580
TPMT,A,G,36,36,,G,T,,,G36T,,,1.073313679,,,,P51580
TPMT,A,G,36,36,,G,V,,,G36V,,,1.0154803,,,,P51580
TPMT,A,G,36,36,,G,W,,,G36W,,,0.900352327,,,,P51580
TPMT,A,G,36,36,,G,Y,,,G36Y,,,0.770051808,,,,P51580
TPMT,A,K,37,37,,K,A,,,K37A,,,0.933342796,,,,P51580
TPMT,A,K,37,37,,K,C,,,K37C,,,1.018851364,,,,P51580
TPMT,A,K,37,37,,K,D,,,K37D,,,0.854479064,,,,P51580
TPMT,A,K,37,37,,K,E,,,K37E,,,1.019857924,,,,P51580
TPMT,A,K,37,37,,K,F,,,K37F,,,0.837827712,,,,P51580
TPMT,A,K,37,37,,K,G,,,K37G,,,1.033675501,,,,P51580
TPMT,A,K,37,37,,K,H,,,K37H,,,0.989634293,,,,P51580
TPMT,A,K,37,37,,K,L,,,K37L,,,1.229037835,,,,P51580
TPMT,A,K,37,37,,K,M,,,K37M,,,0.990399035,,,,P51580
TPMT,A,K,37,37,,K,P,,,K37P,,,0.984193178,,,,P51580
TPMT,A,K,37,37,,K,Q,,,K37Q,,,0.969128137,,,,P51580
TPMT,A,K,37,37,,K,R,,,K37R,,,0.971068109,,,,P51580
TPMT,A,K,37,37,,K,S,,,K37S,,,0.928013009,,,,P51580
TPMT,A,K,37,37,,K,T,,,K37T,,,1.057633732,,,,P51580
TPMT,A,K,37,37,,K,V,,,K37V,,,0.990048996,,,,P51580
TPMT,A,K,37,37,,K,W,,,K37W,,,0.820821383,,,,P51580
TPMT,A,T,38,38,,T,A,,,T38A,,,0.89893362,,,,P51580
TPMT,A,T,38,38,,T,C,,,T38C,,,0.93438107,,,,P51580
TPMT,A,T,38,38,,T,E,,,T38E,,,0.794121235,,,,P51580
TPMT,A,T,38,38,,T,F,,,T38F,,,0.933810493,,,,P51580
TPMT,A,T,38,38,,T,G,,,T38G,,,0.786891748,,,,P51580
TPMT,A,T,38,38,,T,K,,,T38K,,,0.879886662,,,,P51580
TPMT,A,T,38,38,,T,L,,,T38L,,,1.007866543,,,,P51580
TPMT,A,T,38,38,,T,M,,,T38M,,,0.731965111,,,,P51580
TPMT,A,T,38,38,,T,N,,,T38N,,,0.823339065,,,,P51580
TPMT,A,T,38,38,,T,P,,,T38P,,,0.920399561,,,,P51580
TPMT,A,T,38,38,,T,Q,,,T38Q,,,0.909599424,,,,P51580
TPMT,A,T,38,38,,T,R,,,T38R,,,0.842939843,,,,P51580
TPMT,A,T,38,38,,T,S,,,T38S,,,0.870812612,,,,P51580
TPMT,A,T,38,38,,T,W,,,T38W,,,0.895940575,,,,P51580
TPMT,A,A,39,39,,A,C,,,A39C,,,1.073468511,,,,P51580
TPMT,A,A,39,39,,A,D,,,A39D,,,1.173851007,,,,P51580
TPMT,A,A,39,39,,A,F,,,A39F,,,1.016098623,,,,P51580
TPMT,A,A,39,39,,A,G,,,A39G,,,0.963998863,,,,P51580
TPMT,A,A,39,39,,A,H,,,A39H,,,1.02260251,,,,P51580
TPMT,A,A,39,39,,A,K,,,A39K,,,0.436136468,,,,P51580
TPMT,A,A,39,39,,A,L,,,A39L,,,0.984142204,,,,P51580
TPMT,A,A,39,39,,A,P,,,A39P,,,0.961569452,,,,P51580
TPMT,A,A,39,39,,A,Q,,,A39Q,,,1.129528782,,,,P51580
TPMT,A,A,39,39,,A,R,,,A39R,,,0.955080002,,,,P51580
TPMT,A,A,39,39,,A,S,,,A39S,,,0.842656856,,,,P51580
TPMT,A,A,39,39,,A,T,,,A39T,,,0.857824401,,,,P51580
TPMT,A,A,39,39,,A,V,,,A39V,,,0.92157346,,,,P51580
TPMT,A,A,39,39,,A,W,,,A39W,,,0.83764265,,,,P51580
TPMT,A,A,39,39,,A,Y,,,A39Y,,,1.173362718,,,,P51580
TPMT,A,F,40,40,,F,A,,,F40A,,,0.605731616,,,,P51580
TPMT,A,F,40,40,,F,C,,,F40C,,,0.774366092,,,,P51580
TPMT,A,F,40,40,,F,E,,,F40E,,,0.844783276,,,,P51580
TPMT,A,F,40,40,,F,G,,,F40G,,,0.74080627,,,,P51580
TPMT,A,F,40,40,,F,I,,,F40I,,,0.639181617,,,,P51580
TPMT,A,F,40,40,,F,K,,,F40K,,,0.761011186,,,,P51580
TPMT,A,F,40,40,,F,L,,,F40L,,,0.952981314,,,,P51580
TPMT,A,F,40,40,,F,M,,,F40M,,,0.978228317,,,,P51580
TPMT,A,F,40,40,,F,N,,,F40N,,,0.817331094,,,,P51580
TPMT,A,F,40,40,,F,P,,,F40P,,,0.706262456,,,,P51580
TPMT,A,F,40,40,,F,Q,,,F40Q,,,0.563209437,,,,P51580
TPMT,A,F,40,40,,F,R,,,F40R,,,0.769213155,,,,P51580
TPMT,A,F,40,40,,F,S,,,F40S,,,0.759420374,,,,P51580
TPMT,A,F,40,40,,F,T,,,F40T,,,0.859621368,,,,P51580
TPMT,A,F,40,40,,F,V,,,F40V,,,0.74267811,,,,P51580
TPMT,A,F,40,40,,F,W,,,F40W,,,1.056386472,,,,P51580
TPMT,A,H,41,41,,H,A,,,H41A,,,0.915543601,,,,P51580
TPMT,A,H,41,41,,H,C,,,H41C,,,0.878506122,,,,P51580
TPMT,A,H,41,41,,H,E,,,H41E,,,0.850896446,,,,P51580
TPMT,A,H,41,41,,H,G,,,H41G,,,0.803041402,,,,P51580
TPMT,A,H,41,41,,H,K,,,H41K,,,0.557334745,,,,P51580
TPMT,A,H,41,41,,H,L,,,H41L,,,0.792878704,,,,P51580
TPMT,A,H,41,41,,H,M,,,H41M,,,0.979377633,,,,P51580
TPMT,A,H,41,41,,H,N,,,H41N,,,0.821148017,,,,P51580
TPMT,A,H,41,41,,H,P,,,H41P,,,0.738385213,,,,P51580
TPMT,A,H,41,41,,H,Q,,,H41Q,,,0.736570809,,,,P51580
TPMT,A,H,41,41,,H,R,,,H41R,,,0.751143284,,,,P51580
TPMT,A,H,41,41,,H,S,,,H41S,,,0.96759954,,,,P51580
TPMT,A,H,41,41,,H,T,,,H41T,,,0.699968679,,,,P51580
TPMT,A,H,41,41,,H,V,,,H41V,,,0.898947075,,,,P51580
TPMT,A,H,41,41,,H,W,,,H41W,,,1.041085775,,,,P51580
TPMT,A,H,41,41,,H,Y,,,H41Y,,,0.985770544,,,,P51580
TPMT,A,Q,42,42,,Q,A,,,Q42A,,,0.949574322,,,,P51580
TPMT,A,Q,42,42,,Q,C,,,Q42C,,,0.975934037,,,,P51580
TPMT,A,Q,42,42,,Q,D,,,Q42D,,,0.961186936,,,,P51580
TPMT,A,Q,42,42,,Q,E,,,Q42E,,,1.367082185,,,,P51580
TPMT,A,Q,42,42,,Q,F,,,Q42F,,,1.004475414,,,,P51580
TPMT,A,Q,42,42,,Q,G,,,Q42G,,,0.742698884,,,,P51580
TPMT,A,Q,42,42,,Q,I,,,Q42I,,,1.203343526,,,,P51580
TPMT,A,Q,42,42,,Q,K,,,Q42K,,,1.11952474,,,,P51580
TPMT,A,Q,42,42,,Q,L,,,Q42L,,,1.237885881,,,,P51580
TPMT,A,Q,42,42,,Q,M,,,Q42M,,,1.146709158,,,,P51580
TPMT,A,Q,42,42,,Q,P,,,Q42P,,,0.807707969,,,,P51580
TPMT,A,Q,42,42,,Q,R,,,Q42R,,,0.976548134,,,,P51580
TPMT,A,Q,42,42,,Q,S,,,Q42S,,,1.078561948,,,,P51580
TPMT,A,Q,42,42,,Q,T,,,Q42T,,,1.343504984,,,,P51580
TPMT,A,Q,42,42,,Q,V,,,Q42V,,,0.995371964,,,,P51580
TPMT,A,Q,42,42,,Q,W,,,Q42W,,,0.861117776,,,,P51580
TPMT,A,E,43,43,,E,A,,,E43A,,,0.890542743,,,,P51580
TPMT,A,E,43,43,,E,C,,,E43C,,,0.920456144,,,,P51580
TPMT,A,E,43,43,,E,H,,,E43H,,,0.488983362,,,,P51580
TPMT,A,E,43,43,,E,K,,,E43K,,,0.706776335,,,,P51580
TPMT,A,E,43,43,,E,L,,,E43L,,,0.992811995,,,,P51580
TPMT,A,E,43,43,,E,M,,,E43M,,,0.992064703,,,,P51580
TPMT,A,E,43,43,,E,N,,,E43N,,,0.473664238,,,,P51580
TPMT,A,E,43,43,,E,P,,,E43P,,,0.922276354,,,,P51580
TPMT,A,E,43,43,,E,R,,,E43R,,,0.801334359,,,,P51580
TPMT,A,E,43,43,,E,S,,,E43S,,,0.729181466,,,,P51580
TPMT,A,E,43,43,,E,T,,,E43T,,,0.711787995,,,,P51580
TPMT,A,E,43,43,,E,V,,,E43V,,,0.954493861,,,,P51580
TPMT,A,E,43,43,,E,W,,,E43W,,,0.811021792,,,,P51580
TPMT,A,E,43,43,,E,Y,,,E43Y,,,0.919730027,,,,P51580
TPMT,A,Q,44,44,,Q,A,,,Q44A,,,1.124769767,,,,P51580
TPMT,A,Q,44,44,,Q,C,,,Q44C,,,1.05667057,,,,P51580
TPMT,A,Q,44,44,,Q,D,,,Q44D,,,0.981640125,,,,P51580
TPMT,A,Q,44,44,,Q,E,,,Q44E,,,1.007943648,,,,P51580
TPMT,A,Q,44,44,,Q,G,,,Q44G,,,0.947432794,,,,P51580
TPMT,A,Q,44,44,,Q,K,,,Q44K,,,0.869443549,,,,P51580
TPMT,A,Q,44,44,,Q,L,,,Q44L,,,0.808467908,,,,P51580
TPMT,A,Q,44,44,,Q,M,,,Q44M,,,0.950852081,,,,P51580
TPMT,A,Q,44,44,,Q,P,,,Q44P,,,0.709070939,,,,P51580
TPMT,A,Q,44,44,,Q,R,,,Q44R,,,0.928442176,,,,P51580
TPMT,A,Q,44,44,,Q,S,,,Q44S,,,0.969494265,,,,P51580
TPMT,A,Q,44,44,,Q,T,,,Q44T,,,0.851394632,,,,P51580
TPMT,A,Q,44,44,,Q,V,,,Q44V,,,0.968812294,,,,P51580
TPMT,A,Q,44,44,,Q,W,,,Q44W,,,0.852378336,,,,P51580
TPMT,A,G,45,45,,G,A,,,G45A,,,0.838267226,,,,P51580
TPMT,A,G,45,45,,G,D,,,G45D,,,0.691433703,,,,P51580
TPMT,A,G,45,45,,G,E,,,G45E,,,0.819998878,,,,P51580
TPMT,A,G,45,45,,G,H,,,G45H,,,0.891153402,,,,P51580
TPMT,A,G,45,45,,G,I,,,G45I,,,1.067171144,,,,P51580
TPMT,A,G,45,45,,G,K,,,G45K,,,0.916975236,,,,P51580
TPMT,A,G,45,45,,G,L,,,G45L,,,1.129102683,,,,P51580
TPMT,A,G,45,45,,G,N,,,G45N,,,0.812016032,,,,P51580
TPMT,A,G,45,45,,G,Q,,,G45Q,,,0.732045344,,,,P51580
TPMT,A,G,45,45,,G,R,,,G45R,,,0.720425383,,,,P51580
TPMT,A,G,45,45,,G,S,,,G45S,,,0.749474477,,,,P51580
TPMT,A,G,45,45,,G,T,,,G45T,,,0.94995542,,,,P51580
TPMT,A,G,45,45,,G,V,,,G45V,,,0.916776274,,,,P51580
TPMT,A,G,45,45,,G,W,,,G45W,,,0.758095354,,,,P51580
TPMT,A,G,45,45,,G,Y,,,G45Y,,,0.803794511,,,,P51580
TPMT,A,H,46,46,,H,C,,,H46C,,,0.548287675,,,,P51580
TPMT,A,H,46,46,,H,E,,,H46E,,,0.799411933,,,,P51580
TPMT,A,H,46,46,,H,G,,,H46G,,,0.797756608,,,,P51580
TPMT,A,H,46,46,,H,L,,,H46L,,,0.66530067,,,,P51580
TPMT,A,H,46,46,,H,M,,,H46M,,,0.875225735,,,,P51580
TPMT,A,H,46,46,,H,N,,,H46N,,,1.277506031,,,,P51580
TPMT,A,H,46,46,,H,P,,,H46P,,,0.719357342,,,,P51580
TPMT,A,H,46,46,,H,Q,,,H46Q,,,0.80332761,,,,P51580
TPMT,A,H,46,46,,H,R,,,H46R,,,0.714085185,,,,P51580
TPMT,A,H,46,46,,H,S,,,H46S,,,1.140449525,,,,P51580
TPMT,A,H,46,46,,H,T,,,H46T,,,1.094303876,,,,P51580
TPMT,A,H,46,46,,H,V,,,H46V,,,0.80061652,,,,P51580
TPMT,A,H,46,46,,H,W,,,H46W,,,1.013497301,,,,P51580
TPMT,A,H,46,46,,H,Y,,,H46Y,,,0.796716162,,,,P51580
TPMT,A,Q,47,47,,Q,D,,,Q47D,,,0.943989916,,,,P51580
TPMT,A,Q,47,47,,Q,E,,,Q47E,,,1.005485847,,,,P51580
TPMT,A,Q,47,47,,Q,F,,,Q47F,,,1.056560883,,,,P51580
TPMT,A,Q,47,47,,Q,G,,,Q47G,,,0.770782166,,,,P51580
TPMT,A,Q,47,47,,Q,I,,,Q47I,,,1.199073167,,,,P51580
TPMT,A,Q,47,47,,Q,L,,,Q47L,,,1.068593409,,,,P51580
TPMT,A,Q,47,47,,Q,N,,,Q47N,,,1.069586897,,,,P51580
TPMT,A,Q,47,47,,Q,P,,,Q47P,,,1.164900611,,,,P51580
TPMT,A,Q,47,47,,Q,S,,,Q47S,,,0.889383977,,,,P51580
TPMT,A,Q,47,47,,Q,T,,,Q47T,,,0.719981106,,,,P51580
TPMT,A,Q,47,47,,Q,W,,,Q47W,,,0.990795527,,,,P51580
TPMT,A,L,48,48,,L,D,,,L48D,,,0.776423357,,,,P51580
TPMT,A,L,48,48,,L,E,,,L48E,,,0.808866247,,,,P51580
TPMT,A,L,48,48,,L,F,,,L48F,,,0.340034951,,,,P51580
TPMT,A,L,48,48,,L,G,,,L48G,,,1.084749164,,,,P51580
TPMT,A,L,48,48,,L,I,,,L48I,,,1.015778817,,,,P51580
TPMT,A,L,48,48,,L,P,,,L48P,,,1.33814647,,,,P51580
TPMT,A,L,48,48,,L,R,,,L48R,,,0.66806174,,,,P51580
TPMT,A,L,48,48,,L,S,,,L48S,,,0.827980386,,,,P51580
TPMT,A,L,48,48,,L,T,,,L48T,,,0.871329315,,,,P51580
TPMT,A,L,48,48,,L,V,,,L48V,,,1.030640676,,,,P51580
TPMT,A,L,49,49,,L,A,,,L49A,,,0.637257939,,,,P51580
TPMT,A,L,49,49,,L,C,,,L49C,,,0.724924513,,,,P51580
TPMT,A,L,49,49,,L,D,,,L49D,,,0.527748261,,,,P51580
TPMT,A,L,49,49,,L,E,,,L49E,,,0.427670687,,,,P51580
TPMT,A,L,49,49,,L,G,,,L49G,,,0.675279852,,,,P51580
TPMT,A,L,49,49,,L,I,,,L49I,,,0.775655808,,,,P51580
TPMT,A,L,49,49,,L,K,,,L49K,,,0.605508119,,,,P51580
TPMT,A,L,49,49,,L,M,,,L49M,,,1.178015377,,,,P51580
TPMT,A,L,49,49,,L,Q,,,L49Q,,,0.567777812,,,,P51580
TPMT,A,L,49,49,,L,R,,,L49R,,,0.547662847,,,,P51580
TPMT,A,L,49,49,,L,S,,,L49S,,,0.820650344,,,,P51580
TPMT,A,L,49,49,,L,T,,,L49T,,,0.607695601,,,,P51580
TPMT,A,L,49,49,,L,V,,,L49V,,,0.74689301,,,,P51580
TPMT,A,L,49,49,,L,W,,,L49W,,,0.79949649,,,,P51580
TPMT,A,L,49,49,,L,Y,,,L49Y,,,0.749874572,,,,P51580
TPMT,A,K,50,50,,K,A,,,K50A,,,0.900890497,,,,P51580
TPMT,A,K,50,50,,K,C,,,K50C,,,0.877081893,,,,P51580
TPMT,A,K,50,50,,K,D,,,K50D,,,0.550003054,,,,P51580
TPMT,A,K,50,50,,K,E,,,K50E,,,0.9466707,,,,P51580
TPMT,A,K,50,50,,K,F,,,K50F,,,0.823304487,,,,P51580
TPMT,A,K,50,50,,K,G,,,K50G,,,0.786020516,,,,P51580
TPMT,A,K,50,50,,K,H,,,K50H,,,0.873122455,,,,P51580
TPMT,A,K,50,50,,K,I,,,K50I,,,0.643927608,,,,P51580
TPMT,A,K,50,50,,K,L,,,K50L,,,0.362620135,,,,P51580
TPMT,A,K,50,50,,K,M,,,K50M,,,1.022042296,,,,P51580
TPMT,A,K,50,50,,K,N,,,K50N,,,0.986832188,,,,P51580
TPMT,A,K,50,50,,K,P,,,K50P,,,0.570136322,,,,P51580
TPMT,A,K,50,50,,K,R,,,K50R,,,0.821227051,,,,P51580
TPMT,A,K,50,50,,K,S,,,K50S,,,0.869440285,,,,P51580
TPMT,A,K,50,50,,K,V,,,K50V,,,1.001756132,,,,P51580
TPMT,A,K,50,50,,K,Y,,,K50Y,,,0.956862757,,,,P51580
TPMT,A,K,51,51,,K,A,,,K51A,,,0.867853736,,,,P51580
TPMT,A,K,51,51,,K,D,,,K51D,,,1.054839158,,,,P51580
TPMT,A,K,51,51,,K,E,,,K51E,,,1.011148292,,,,P51580
TPMT,A,K,51,51,,K,G,,,K51G,,,0.756773247,,,,P51580
TPMT,A,K,51,51,,K,H,,,K51H,,,1.024703229,,,,P51580
TPMT,A,K,51,51,,K,L,,,K51L,,,1.344900267,,,,P51580
TPMT,A,K,51,51,,K,M,,,K51M,,,0.592333334,,,,P51580
TPMT,A,K,51,51,,K,P,,,K51P,,,0.82067713,,,,P51580
TPMT,A,K,51,51,,K,R,,,K51R,,,1.066197618,,,,P51580
TPMT,A,K,51,51,,K,S,,,K51S,,,0.821542134,,,,P51580
TPMT,A,K,51,51,,K,T,,,K51T,,,0.999913162,,,,P51580
TPMT,A,K,51,51,,K,V,,,K51V,,,0.913015268,,,,P51580
TPMT,A,K,51,51,,K,W,,,K51W,,,0.762474373,,,,P51580
TPMT,A,H,52,52,,H,A,,,H52A,,,0.36197692,,,,P51580
TPMT,A,H,52,52,,H,D,,,H52D,,,1.060318861,,,,P51580
TPMT,A,H,52,52,,H,E,,,H52E,,,0.961755459,,,,P51580
TPMT,A,H,52,52,,H,G,,,H52G,,,0.89247028,,,,P51580
TPMT,A,H,52,52,,H,I,,,H52I,,,0.932767469,,,,P51580
TPMT,A,H,52,52,,H,L,,,H52L,,,1.139692253,,,,P51580
TPMT,A,H,52,52,,H,M,,,H52M,,,0.733918888,,,,P51580
TPMT,A,H,52,52,,H,R,,,H52R,,,1.300691352,,,,P51580
TPMT,A,H,52,52,,H,S,,,H52S,,,0.859207257,,,,P51580
TPMT,A,H,52,52,,H,T,,,H52T,,,0.90782133,,,,P51580
TPMT,A,H,52,52,,H,V,,,H52V,,,0.801618204,,,,P51580
TPMT,A,H,52,52,,H,W,,,H52W,,,1.001111397,,,,P51580
TPMT,A,L,53,53,,L,C,,,L53C,,,0.80858838,,,,P51580
TPMT,A,L,53,53,,L,D,,,L53D,,,0.501353881,,,,P51580
TPMT,A,L,53,53,,L,E,,,L53E,,,0.616025748,,,,P51580
TPMT,A,L,53,53,,L,F,,,L53F,,,1.00385289,,,,P51580
TPMT,A,L,53,53,,L,G,,,L53G,,,0.817827512,,,,P51580
TPMT,A,L,53,53,,L,H,,,L53H,,,0.819586786,,,,P51580
TPMT,A,L,53,53,,L,I,,,L53I,,,1.095610422,,,,P51580
TPMT,A,L,53,53,,L,K,,,L53K,,,0.715678013,,,,P51580
TPMT,A,L,53,53,,L,M,,,L53M,,,1.139131246,,,,P51580
TPMT,A,L,53,53,,L,N,,,L53N,,,0.460851049,,,,P51580
TPMT,A,L,53,53,,L,P,,,L53P,,,0.523708507,,,,P51580
TPMT,A,L,53,53,,L,Q,,,L53Q,,,0.623224193,,,,P51580
TPMT,A,L,53,53,,L,R,,,L53R,,,0.710970315,,,,P51580
TPMT,A,L,53,53,,L,S,,,L53S,,,1.061268093,,,,P51580
TPMT,A,L,53,53,,L,T,,,L53T,,,0.64521779,,,,P51580
TPMT,A,L,53,53,,L,V,,,L53V,,,0.919781867,,,,P51580
TPMT,A,L,53,53,,L,W,,,L53W,,,1.029567503,,,,P51580
TPMT,A,L,53,53,,L,Y,,,L53Y,,,0.806961793,,,,P51580
TPMT,A,D,54,54,,D,A,,,D54A,,,0.86200815,,,,P51580
TPMT,A,D,54,54,,D,C,,,D54C,,,1.234050045,,,,P51580
TPMT,A,D,54,54,,D,E,,,D54E,,,0.648232745,,,,P51580
TPMT,A,D,54,54,,D,F,,,D54F,,,0.669156701,,,,P51580
TPMT,A,D,54,54,,D,G,,,D54G,,,0.830735475,,,,P51580
TPMT,A,D,54,54,,D,I,,,D54I,,,0.595387833,,,,P51580
TPMT,A,D,54,54,,D,L,,,D54L,,,0.981400698,,,,P51580
TPMT,A,D,54,54,,D,M,,,D54M,,,0.35668381,,,,P51580
TPMT,A,D,54,54,,D,R,,,D54R,,,0.414520303,,,,P51580
TPMT,A,D,54,54,,D,S,,,D54S,,,1.033636901,,,,P51580
TPMT,A,D,54,54,,D,T,,,D54T,,,0.914959097,,,,P51580
TPMT,A,D,54,54,,D,W,,,D54W,,,0.748691823,,,,P51580
TPMT,A,T,55,55,,T,A,,,T55A,,,0.837753918,,,,P51580
TPMT,A,T,55,55,,T,C,,,T55C,,,1.001080423,,,,P51580
TPMT,A,T,55,55,,T,D,,,T55D,,,0.907977919,,,,P51580
TPMT,A,T,55,55,,T,E,,,T55E,,,0.814067139,,,,P51580
TPMT,A,T,55,55,,T,F,,,T55F,,,0.918735896,,,,P51580
TPMT,A,T,55,55,,T,G,,,T55G,,,0.914221999,,,,P51580
TPMT,A,T,55,55,,T,K,,,T55K,,,0.991299445,,,,P51580
TPMT,A,T,55,55,,T,L,,,T55L,,,0.9647975,,,,P51580
TPMT,A,T,55,55,,T,M,,,T55M,,,1.193708261,,,,P51580
TPMT,A,T,55,55,,T,N,,,T55N,,,1.06252494,,,,P51580
TPMT,A,T,55,55,,T,R,,,T55R,,,0.503221369,,,,P51580
TPMT,A,T,55,55,,T,S,,,T55S,,,0.935778831,,,,P51580
TPMT,A,T,55,55,,T,V,,,T55V,,,0.728816047,,,,P51580
TPMT,A,T,55,55,,T,Y,,,T55Y,,,0.647197006,,,,P51580
TPMT,A,F,56,56,,F,A,,,F56A,,,0.814848953,,,,P51580
TPMT,A,F,56,56,,F,C,,,F56C,,,0.905932058,,,,P51580
TPMT,A,F,56,56,,F,D,,,F56D,,,0.84632628,,,,P51580
TPMT,A,F,56,56,,F,G,,,F56G,,,0.830913357,,,,P51580
TPMT,A,F,56,56,,F,H,,,F56H,,,0.984516262,,,,P51580
TPMT,A,F,56,56,,F,K,,,F56K,,,1.199514804,,,,P51580
TPMT,A,F,56,56,,F,L,,,F56L,,,0.888846486,,,,P51580
TPMT,A,F,56,56,,F,P,,,F56P,,,0.552497988,,,,P51580
TPMT,A,F,56,56,,F,R,,,F56R,,,1.000267135,,,,P51580
TPMT,A,F,56,56,,F,S,,,F56S,,,0.997989729,,,,P51580
TPMT,A,F,56,56,,F,T,,,F56T,,,0.792881267,,,,P51580
TPMT,A,F,56,56,,F,V,,,F56V,,,0.827692112,,,,P51580
TPMT,A,F,56,56,,F,W,,,F56W,,,0.982226778,,,,P51580
TPMT,A,F,56,56,,F,Y,,,F56Y,,,1.049603276,,,,P51580
TPMT,A,L,57,57,,L,G,,,L57G,,,0.971266917,,,,P51580
TPMT,A,L,57,57,,L,S,,,L57S,,,1.077711391,,,,P51580
TPMT,A,L,57,57,,L,T,,,L57T,,,0.878283262,,,,P51580
TPMT,A,L,57,57,,L,W,,,L57W,,,0.412339274,,,,P51580
TPMT,A,L,57,57,,L,Y,,,L57Y,,,0.948099117,,,,P51580
TPMT,A,K,58,58,,K,E,,,K58E,,,1.138511513,,,,P51580
TPMT,A,K,58,58,,K,G,,,K58G,,,0.546960806,,,,P51580
TPMT,A,K,58,58,,K,L,,,K58L,,,0.948078922,,,,P51580
TPMT,A,K,58,58,,K,R,,,K58R,,,1.162745426,,,,P51580
TPMT,A,K,58,58,,K,S,,,K58S,,,1.200328934,,,,P51580
TPMT,A,K,58,58,,K,T,,,K58T,,,1.135731107,,,,P51580
TPMT,A,K,58,58,,K,V,,,K58V,,,1.204103497,,,,P51580
TPMT,A,K,58,58,,K,Y,,,K58Y,,,1.192008326,,,,P51580
TPMT,A,G,59,59,,G,A,,,G59A,,,1.037264696,,,,P51580
TPMT,A,G,59,59,,G,C,,,G59C,,,0.726217165,,,,P51580
TPMT,A,G,59,59,,G,D,,,G59D,,,1.059801494,,,,P51580
TPMT,A,G,59,59,,G,E,,,G59E,,,0.772820376,,,,P51580
TPMT,A,G,59,59,,G,H,,,G59H,,,0.775736846,,,,P51580
TPMT,A,G,59,59,,G,I,,,G59I,,,0.703463483,,,,P51580
TPMT,A,G,59,59,,G,K,,,G59K,,,0.996067315,,,,P51580
TPMT,A,G,59,59,,G,L,,,G59L,,,0.960089516,,,,P51580
TPMT,A,G,59,59,,G,M,,,G59M,,,0.914526448,,,,P51580
TPMT,A,G,59,59,,G,P,,,G59P,,,0.892029541,,,,P51580
TPMT,A,G,59,59,,G,Q,,,G59Q,,,1.043841724,,,,P51580
TPMT,A,G,59,59,,G,R,,,G59R,,,0.747171063,,,,P51580
TPMT,A,G,59,59,,G,S,,,G59S,,,0.524909169,,,,P51580
TPMT,A,G,59,59,,G,T,,,G59T,,,0.789198873,,,,P51580
TPMT,A,G,59,59,,G,Y,,,G59Y,,,0.481852898,,,,P51580
TPMT,A,K,60,60,,K,A,,,K60A,,,0.88917477,,,,P51580
TPMT,A,K,60,60,,K,C,,,K60C,,,0.982996084,,,,P51580
TPMT,A,K,60,60,,K,D,,,K60D,,,0.837714952,,,,P51580
TPMT,A,K,60,60,,K,E,,,K60E,,,0.716503609,,,,P51580
TPMT,A,K,60,60,,K,F,,,K60F,,,1.205315681,,,,P51580
TPMT,A,K,60,60,,K,G,,,K60G,,,0.834128902,,,,P51580
TPMT,A,K,60,60,,K,H,,,K60H,,,1.025680858,,,,P51580
TPMT,A,K,60,60,,K,I,,,K60I,,,0.910356702,,,,P51580
TPMT,A,K,60,60,,K,L,,,K60L,,,0.864548476,,,,P51580
TPMT,A,K,60,60,,K,N,,,K60N,,,1.052299844,,,,P51580
TPMT,A,K,60,60,,K,P,,,K60P,,,0.772551161,,,,P51580
TPMT,A,K,60,60,,K,Q,,,K60Q,,,1.136127313,,,,P51580
TPMT,A,K,60,60,,K,R,,,K60R,,,1.096716216,,,,P51580
TPMT,A,K,60,60,,K,S,,,K60S,,,0.853911342,,,,P51580
TPMT,A,K,60,60,,K,T,,,K60T,,,1.002605729,,,,P51580
TPMT,A,K,60,60,,K,V,,,K60V,,,0.97743642,,,,P51580
TPMT,A,K,60,60,,K,Y,,,K60Y,,,0.989468462,,,,P51580
TPMT,A,S,61,61,,S,A,,,S61A,,,1.198550422,,,,P51580
TPMT,A,S,61,61,,S,C,,,S61C,,,1.227270594,,,,P51580
TPMT,A,S,61,61,,S,E,,,S61E,,,1.218433991,,,,P51580
TPMT,A,S,61,61,,S,I,,,S61I,,,1.05828024,,,,P51580
TPMT,A,S,61,61,,S,K,,,S61K,,,0.651152907,,,,P51580
TPMT,A,S,61,61,,S,M,,,S61M,,,0.9038375,,,,P51580
TPMT,A,S,61,61,,S,P,,,S61P,,,1.382957798,,,,P51580
TPMT,A,S,61,61,,S,Q,,,S61Q,,,0.65454911,,,,P51580
TPMT,A,S,61,61,,S,T,,,S61T,,,1.132479337,,,,P51580
TPMT,A,G,62,62,,G,A,,,G62A,,,1.131810416,,,,P51580
TPMT,A,G,62,62,,G,C,,,G62C,,,0.780753338,,,,P51580
TPMT,A,G,62,62,,G,D,,,G62D,,,1.137260874,,,,P51580
TPMT,A,G,62,62,,G,E,,,G62E,,,1.068331103,,,,P51580
TPMT,A,G,62,62,,G,F,,,G62F,,,0.853189938,,,,P51580
TPMT,A,G,62,62,,G,H,,,G62H,,,0.948868302,,,,P51580
TPMT,A,G,62,62,,G,I,,,G62I,,,0.789312993,,,,P51580
TPMT,A,G,62,62,,G,K,,,G62K,,,1.049208999,,,,P51580
TPMT,A,G,62,62,,G,L,,,G62L,,,0.833435457,,,,P51580
TPMT,A,G,62,62,,G,M,,,G62M,,,0.858109541,,,,P51580
TPMT,A,G,62,62,,G,N,,,G62N,,,1.12343527,,,,P51580
TPMT,A,G,62,62,,G,P,,,G62P,,,0.865780439,,,,P51580
TPMT,A,G,62,62,,G,Q,,,G62Q,,,0.720918107,,,,P51580
TPMT,A,G,62,62,,G,R,,,G62R,,,1.119344172,,,,P51580
TPMT,A,G,62,62,,G,S,,,G62S,,,0.944324747,,,,P51580
TPMT,A,G,62,62,,G,T,,,G62T,,,1.069378485,,,,P51580
TPMT,A,G,62,62,,G,V,,,G62V,,,0.918572169,,,,P51580
TPMT,A,G,62,62,,G,W,,,G62W,,,0.794850066,,,,P51580
TPMT,A,G,62,62,,G,Y,,,G62Y,,,0.884694648,,,,P51580
TPMT,A,L,63,63,,L,A,,,L63A,,,0.95890286,,,,P51580
TPMT,A,L,63,63,,L,C,,,L63C,,,0.705085044,,,,P51580
TPMT,A,L,63,63,,L,D,,,L63D,,,0.482845551,,,,P51580
TPMT,A,L,63,63,,L,E,,,L63E,,,0.70827626,,,,P51580
TPMT,A,L,63,63,,L,F,,,L63F,,,0.964281894,,,,P51580
TPMT,A,L,63,63,,L,G,,,L63G,,,0.954931564,,,,P51580
TPMT,A,L,63,63,,L,I,,,L63I,,,0.935779697,,,,P51580
TPMT,A,L,63,63,,L,K,,,L63K,,,1.00262715,,,,P51580
TPMT,A,L,63,63,,L,M,,,L63M,,,0.745741945,,,,P51580
TPMT,A,L,63,63,,L,N,,,L63N,,,0.823473887,,,,P51580
TPMT,A,L,63,63,,L,Q,,,L63Q,,,1.187651237,,,,P51580
TPMT,A,L,63,63,,L,R,,,L63R,,,0.94301525,,,,P51580
TPMT,A,L,63,63,,L,S,,,L63S,,,0.899190386,,,,P51580
TPMT,A,L,63,63,,L,T,,,L63T,,,0.875843939,,,,P51580
TPMT,A,L,63,63,,L,V,,,L63V,,,1.048814864,,,,P51580
TPMT,A,L,63,63,,L,W,,,L63W,,,0.943053265,,,,P51580
TPMT,A,L,63,63,,L,Y,,,L63Y,,,0.832604444,,,,P51580
TPMT,A,R,64,64,,R,A,,,R64A,,,0.53250058,,,,P51580
TPMT,A,R,64,64,,R,C,,,R64C,,,1.061731577,,,,P51580
TPMT,A,R,64,64,,R,D,,,R64D,,,0.751438412,,,,P51580
TPMT,A,R,64,64,,R,E,,,R64E,,,0.819288909,,,,P51580
TPMT,A,R,64,64,,R,F,,,R64F,,,0.31795615,,,,P51580
TPMT,A,R,64,64,,R,G,,,R64G,,,0.405447358,,,,P51580
TPMT,A,R,64,64,,R,H,,,R64H,,,1.072500817,,,,P51580
TPMT,A,R,64,64,,R,I,,,R64I,,,0.390879911,,,,P51580
TPMT,A,R,64,64,,R,K,,,R64K,,,1.14378788,,,,P51580
TPMT,A,R,64,64,,R,L,,,R64L,,,0.63483083,,,,P51580
TPMT,A,R,64,64,,R,M,,,R64M,,,0.46758705,,,,P51580
TPMT,A,R,64,64,,R,N,,,R64N,,,0.991750665,,,,P51580
TPMT,A,R,64,64,,R,P,,,R64P,,,0.283839428,,,,P51580
TPMT,A,R,64,64,,R,S,,,R64S,,,0.989743232,,,,P51580
TPMT,A,R,64,64,,R,T,,,R64T,,,1.020185072,,,,P51580
TPMT,A,R,64,64,,R,V,,,R64V,,,0.684080807,,,,P51580
TPMT,A,R,64,64,,R,W,,,R64W,,,0.480777721,,,,P51580
TPMT,A,R,64,64,,R,Y,,,R64Y,,,0.474440024,,,,P51580
TPMT,A,V,65,65,,V,A,,,V65A,,,0.74947014,,,,P51580
TPMT,A,V,65,65,,V,E,,,V65E,,,-0.277886702,,,,P51580
TPMT,A,V,65,65,,V,F,,,V65F,,,0.287045444,,,,P51580
TPMT,A,V,65,65,,V,G,,,V65G,,,0.193100613,,,,P51580
TPMT,A,V,65,65,,V,H,,,V65H,,,0.12383714,,,,P51580
TPMT,A,V,65,65,,V,I,,,V65I,,,1.061686341,,,,P51580
TPMT,A,V,65,65,,V,K,,,V65K,,,0.145356436,,,,P51580
TPMT,A,V,65,65,,V,L,,,V65L,,,0.701370213,,,,P51580
TPMT,A,V,65,65,,V,M,,,V65M,,,0.496579636,,,,P51580
TPMT,A,V,65,65,,V,N,,,V65N,,,0.43849118,,,,P51580
TPMT,A,V,65,65,,V,P,,,V65P,,,-0.057249117,,,,P51580
TPMT,A,V,65,65,,V,Q,,,V65Q,,,0.267125588,,,,P51580
TPMT,A,V,65,65,,V,R,,,V65R,,,-0.078639642,,,,P51580
TPMT,A,V,65,65,,V,S,,,V65S,,,0.081964547,,,,P51580
TPMT,A,V,65,65,,V,T,,,V65T,,,0.557343561,,,,P51580
TPMT,A,V,65,65,,V,W,,,V65W,,,0.731526323,,,,P51580
TPMT,A,F,66,66,,F,A,,,F66A,,,0.40058928,,,,P51580
TPMT,A,F,66,66,,F,C,,,F66C,,,0.774901257,,,,P51580
TPMT,A,F,66,66,,F,D,,,F66D,,,-0.325448041,,,,P51580
TPMT,A,F,66,66,,F,E,,,F66E,,,0.294543744,,,,P51580
TPMT,A,F,66,66,,F,G,,,F66G,,,0.233409405,,,,P51580
TPMT,A,F,66,66,,F,I,,,F66I,,,1.041504361,,,,P51580
TPMT,A,F,66,66,,F,K,,,F66K,,,0.103287565,,,,P51580
TPMT,A,F,66,66,,F,L,,,F66L,,,0.726946571,,,,P51580
TPMT,A,F,66,66,,F,M,,,F66M,,,1.044123097,,,,P51580
TPMT,A,F,66,66,,F,N,,,F66N,,,0.191030553,,,,P51580
TPMT,A,F,66,66,,F,P,,,F66P,,,-0.131382435,,,,P51580
TPMT,A,F,66,66,,F,Q,,,F66Q,,,-0.181243989,,,,P51580
TPMT,A,F,66,66,,F,R,,,F66R,,,0.008290321,,,,P51580
TPMT,A,F,66,66,,F,S,,,F66S,,,0.091375195,,,,P51580
TPMT,A,F,66,66,,F,T,,,F66T,,,-0.200285792,,,,P51580
TPMT,A,F,66,66,,F,V,,,F66V,,,0.492792246,,,,P51580
TPMT,A,F,66,66,,F,W,,,F66W,,,0.05406948,,,,P51580
TPMT,A,F,66,66,,F,Y,,,F66Y,,,0.798349538,,,,P51580
TPMT,A,F,67,67,,F,A,,,F67A,,,0.685750158,,,,P51580
TPMT,A,F,67,67,,F,C,,,F67C,,,0.681177189,,,,P51580
TPMT,A,F,67,67,,F,D,,,F67D,,,0.285260569,,,,P51580
TPMT,A,F,67,67,,F,E,,,F67E,,,-0.040017565,,,,P51580
TPMT,A,F,67,67,,F,G,,,F67G,,,-0.000441392,,,,P51580
TPMT,A,F,67,67,,F,L,,,F67L,,,0.78323554,,,,P51580
TPMT,A,F,67,67,,F,M,,,F67M,,,0.796649131,,,,P51580
TPMT,A,F,67,67,,F,P,,,F67P,,,0.068429955,,,,P51580
TPMT,A,F,67,67,,F,Q,,,F67Q,,,0.197026844,,,,P51580
TPMT,A,F,67,67,,F,R,,,F67R,,,-0.044853089,,,,P51580
TPMT,A,F,67,67,,F,T,,,F67T,,,0.644825966,,,,P51580
TPMT,A,F,67,67,,F,V,,,F67V,,,0.796775982,,,,P51580
TPMT,A,F,67,67,,F,W,,,F67W,,,0.300171273,,,,P51580
TPMT,A,P,68,68,,P,A,,,P68A,,,0.71113189,,,,P51580
TPMT,A,P,68,68,,P,C,,,P68C,,,0.515601891,,,,P51580
TPMT,A,P,68,68,,P,D,,,P68D,,,0.035599633,,,,P51580
TPMT,A,P,68,68,,P,E,,,P68E,,,-0.115190633,,,,P51580
TPMT,A,P,68,68,,P,F,,,P68F,,,0.491207806,,,,P51580
TPMT,A,P,68,68,,P,G,,,P68G,,,0.072739977,,,,P51580
TPMT,A,P,68,68,,P,H,,,P68H,,,-0.019925326,,,,P51580
TPMT,A,P,68,68,,P,K,,,P68K,,,-0.065169311,,,,P51580
TPMT,A,P,68,68,,P,L,,,P68L,,,0.108497666,,,,P51580
TPMT,A,P,68,68,,P,M,,,P68M,,,0.015897864,,,,P51580
TPMT,A,P,68,68,,P,Q,,,P68Q,,,-0.255976065,,,,P51580
TPMT,A,P,68,68,,P,R,,,P68R,,,0.073758981,,,,P51580
TPMT,A,P,68,68,,P,S,,,P68S,,,0.872268427,,,,P51580
TPMT,A,P,68,68,,P,T,,,P68T,,,0.249766429,,,,P51580
TPMT,A,P,68,68,,P,V,,,P68V,,,0.395363776,,,,P51580
TPMT,A,P,68,68,,P,W,,,P68W,,,0.249922663,,,,P51580
TPMT,A,P,68,68,,P,Y,,,P68Y,,,0.099251509,,,,P51580
TPMT,A,L,69,69,,L,A,,,L69A,,,0.708597189,,,,P51580
TPMT,A,L,69,69,,L,C,,,L69C,,,0.864347147,,,,P51580
TPMT,A,L,69,69,,L,D,,,L69D,,,0.762535114,,,,P51580
TPMT,A,L,69,69,,L,E,,,L69E,,,0.660243565,,,,P51580
TPMT,A,L,69,69,,L,F,,,L69F,,,0.910794277,,,,P51580
TPMT,A,L,69,69,,L,G,,,L69G,,,0.620700055,,,,P51580
TPMT,A,L,69,69,,L,H,,,L69H,,,0.869576282,,,,P51580
TPMT,A,L,69,69,,L,I,,,L69I,,,0.801838369,,,,P51580
TPMT,A,L,69,69,,L,K,,,L69K,,,0.948984058,,,,P51580
TPMT,A,L,69,69,,L,M,,,L69M,,,1.066117504,,,,P51580
TPMT,A,L,69,69,,L,N,,,L69N,,,0.854162618,,,,P51580
TPMT,A,L,69,69,,L,P,,,L69P,,,0.77396249,,,,P51580
TPMT,A,L,69,69,,L,Q,,,L69Q,,,0.64125692,,,,P51580
TPMT,A,L,69,69,,L,R,,,L69R,,,0.792570873,,,,P51580
TPMT,A,L,69,69,,L,S,,,L69S,,,0.671523722,,,,P51580
TPMT,A,L,69,69,,L,T,,,L69T,,,0.966827388,,,,P51580
TPMT,A,L,69,69,,L,V,,,L69V,,,0.649338884,,,,P51580
TPMT,A,L,69,69,,L,W,,,L69W,,,0.494631815,,,,P51580
TPMT,A,L,69,69,,L,Y,,,L69Y,,,0.700173456,,,,P51580
TPMT,A,C,70,70,,C,A,,,C70A,,,0.682347274,,,,P51580
TPMT,A,C,70,70,,C,E,,,C70E,,,0.143270296,,,,P51580
TPMT,A,C,70,70,,C,F,,,C70F,,,0.522221799,,,,P51580
TPMT,A,C,70,70,,C,G,,,C70G,,,0.721297432,,,,P51580
TPMT,A,C,70,70,,C,H,,,C70H,,,0.386900504,,,,P51580
TPMT,A,C,70,70,,C,I,,,C70I,,,0.31199279,,,,P51580
TPMT,A,C,70,70,,C,L,,,C70L,,,0.772986516,,,,P51580
TPMT,A,C,70,70,,C,N,,,C70N,,,0.659987855,,,,P51580
TPMT,A,C,70,70,,C,P,,,C70P,,,1.01521094,,,,P51580
TPMT,A,C,70,70,,C,Q,,,C70Q,,,0.68530455,,,,P51580
TPMT,A,C,70,70,,C,R,,,C70R,,,0.695410537,,,,P51580
TPMT,A,C,70,70,,C,S,,,C70S,,,0.902610177,,,,P51580
TPMT,A,C,70,70,,C,T,,,C70T,,,0.551869807,,,,P51580
TPMT,A,C,70,70,,C,V,,,C70V,,,0.695476249,,,,P51580
TPMT,A,C,70,70,,C,W,,,C70W,,,0.571448332,,,,P51580
TPMT,A,G,71,71,,G,A,,,G71A,,,0.619736096,,,,P51580
TPMT,A,G,71,71,,G,C,,,G71C,,,0.532518667,,,,P51580
TPMT,A,G,71,71,,G,D,,,G71D,,,0.669932995,,,,P51580
TPMT,A,G,71,71,,G,E,,,G71E,,,0.689850217,,,,P51580
TPMT,A,G,71,71,,G,F,,,G71F,,,0.670351645,,,,P51580
TPMT,A,G,71,71,,G,I,,,G71I,,,0.594747691,,,,P51580
TPMT,A,G,71,71,,G,K,,,G71K,,,0.871201666,,,,P51580
TPMT,A,G,71,71,,G,L,,,G71L,,,0.4750241,,,,P51580
TPMT,A,G,71,71,,G,N,,,G71N,,,0.559990005,,,,P51580
TPMT,A,G,71,71,,G,P,,,G71P,,,0.725872124,,,,P51580
TPMT,A,G,71,71,,G,R,,,G71R,,,0.708402882,,,,P51580
TPMT,A,G,71,71,,G,S,,,G71S,,,0.983819723,,,,P51580
TPMT,A,G,71,71,,G,T,,,G71T,,,0.394433799,,,,P51580
TPMT,A,G,71,71,,G,V,,,G71V,,,0.827715594,,,,P51580
TPMT,A,G,71,71,,G,W,,,G71W,,,0.745825428,,,,P51580
TPMT,A,K,72,72,,K,A,,,K72A,,,0.831626079,,,,P51580
TPMT,A,K,72,72,,K,C,,,K72C,,,0.59574658,,,,P51580
TPMT,A,K,72,72,,K,D,,,K72D,,,0.72108723,,,,P51580
TPMT,A,K,72,72,,K,E,,,K72E,,,0.653258163,,,,P51580
TPMT,A,K,72,72,,K,G,,,K72G,,,0.795657161,,,,P51580
TPMT,A,K,72,72,,K,H,,,K72H,,,0.714940218,,,,P51580
TPMT,A,K,72,72,,K,L,,,K72L,,,0.618687589,,,,P51580
TPMT,A,K,72,72,,K,M,,,K72M,,,0.493480765,,,,P51580
TPMT,A,K,72,72,,K,N,,,K72N,,,0.424987971,,,,P51580
TPMT,A,K,72,72,,K,P,,,K72P,,,0.57325949,,,,P51580
TPMT,A,K,72,72,,K,Q,,,K72Q,,,0.782024478,,,,P51580
TPMT,A,K,72,72,,K,R,,,K72R,,,0.765933171,,,,P51580
TPMT,A,K,72,72,,K,T,,,K72T,,,0.83336155,,,,P51580
TPMT,A,K,72,72,,K,V,,,K72V,,,0.527427943,,,,P51580
TPMT,A,K,72,72,,K,W,,,K72W,,,0.430877597,,,,P51580
TPMT,A,A,73,73,,A,C,,,A73C,,,0.947100104,,,,P51580
TPMT,A,A,73,73,,A,E,,,A73E,,,0.61163694,,,,P51580
TPMT,A,A,73,73,,A,G,,,A73G,,,0.800797043,,,,P51580
TPMT,A,A,73,73,,A,I,,,A73I,,,0.379686692,,,,P51580
TPMT,A,A,73,73,,A,K,,,A73K,,,0.648877655,,,,P51580
TPMT,A,A,73,73,,A,N,,,A73N,,,0.727220471,,,,P51580
TPMT,A,A,73,73,,A,Q,,,A73Q,,,0.844240371,,,,P51580
TPMT,A,A,73,73,,A,R,,,A73R,,,0.719474887,,,,P51580
TPMT,A,A,73,73,,A,S,,,A73S,,,0.442640731,,,,P51580
TPMT,A,A,73,73,,A,T,,,A73T,,,0.918082052,,,,P51580
TPMT,A,A,73,73,,A,V,,,A73V,,,0.790942207,,,,P51580
TPMT,A,A,73,73,,A,W,,,A73W,,,0.694981539,,,,P51580
TPMT,A,A,73,73,,A,Y,,,A73Y,,,0.682614218,,,,P51580
TPMT,A,V,74,74,,V,A,,,V74A,,,0.630780976,,,,P51580
TPMT,A,V,74,74,,V,C,,,V74C,,,0.872361864,,,,P51580
TPMT,A,V,74,74,,V,D,,,V74D,,,0.889075212,,,,P51580
TPMT,A,V,74,74,,V,E,,,V74E,,,0.733196135,,,,P51580
TPMT,A,V,74,74,,V,G,,,V74G,,,0.677239051,,,,P51580
TPMT,A,V,74,74,,V,H,,,V74H,,,0.74661479,,,,P51580
TPMT,A,V,74,74,,V,I,,,V74I,,,1.43575874,,,,P51580
TPMT,A,V,74,74,,V,K,,,V74K,,,0.336052254,,,,P51580
TPMT,A,V,74,74,,V,L,,,V74L,,,0.647196756,,,,P51580
TPMT,A,V,74,74,,V,M,,,V74M,,,0.707904733,,,,P51580
TPMT,A,V,74,74,,V,P,,,V74P,,,0.851455451,,,,P51580
TPMT,A,V,74,74,,V,Q,,,V74Q,,,0.756862907,,,,P51580
TPMT,A,V,74,74,,V,R,,,V74R,,,0.903763956,,,,P51580
TPMT,A,V,74,74,,V,S,,,V74S,,,0.918063706,,,,P51580
TPMT,A,V,74,74,,V,T,,,V74T,,,0.801180315,,,,P51580
TPMT,A,V,74,74,,V,W,,,V74W,,,0.627893454,,,,P51580
TPMT,A,E,75,75,,E,A,,,E75A,,,0.555530405,,,,P51580
TPMT,A,E,75,75,,E,C,,,E75C,,,0.674531141,,,,P51580
TPMT,A,E,75,75,,E,D,,,E75D,,,0.738377077,,,,P51580
TPMT,A,E,75,75,,E,F,,,E75F,,,0.588973508,,,,P51580
TPMT,A,E,75,75,,E,G,,,E75G,,,0.709186462,,,,P51580
TPMT,A,E,75,75,,E,H,,,E75H,,,0.834531514,,,,P51580
TPMT,A,E,75,75,,E,I,,,E75I,,,0.717117457,,,,P51580
TPMT,A,E,75,75,,E,K,,,E75K,,,0.6276398,,,,P51580
TPMT,A,E,75,75,,E,L,,,E75L,,,0.632612431,,,,P51580
TPMT,A,E,75,75,,E,M,,,E75M,,,0.911959426,,,,P51580
TPMT,A,E,75,75,,E,N,,,E75N,,,0.733367314,,,,P51580
TPMT,A,E,75,75,,E,P,,,E75P,,,0.583145498,,,,P51580
TPMT,A,E,75,75,,E,Q,,,E75Q,,,0.638861202,,,,P51580
TPMT,A,E,75,75,,E,R,,,E75R,,,0.067014544,,,,P51580
TPMT,A,E,75,75,,E,S,,,E75S,,,0.775850133,,,,P51580
TPMT,A,E,75,75,,E,T,,,E75T,,,0.70754391,,,,P51580
TPMT,A,E,75,75,,E,V,,,E75V,,,0.730969263,,,,P51580
TPMT,A,E,75,75,,E,W,,,E75W,,,0.692037769,,,,P51580
TPMT,A,E,75,75,,E,Y,,,E75Y,,,0.649942038,,,,P51580
TPMT,A,M,76,76,,M,A,,,M76A,,,0.573955552,,,,P51580
TPMT,A,M,76,76,,M,C,,,M76C,,,0.539822662,,,,P51580
TPMT,A,M,76,76,,M,D,,,M76D,,,-0.208605024,,,,P51580
TPMT,A,M,76,76,,M,E,,,M76E,,,0.20183165,,,,P51580
TPMT,A,M,76,76,,M,F,,,M76F,,,0.37064347,,,,P51580
TPMT,A,M,76,76,,M,G,,,M76G,,,0.029760287,,,,P51580
TPMT,A,M,76,76,,M,I,,,M76I,,,0.785832914,,,,P51580
TPMT,A,M,76,76,,M,K,,,M76K,,,0.203548454,,,,P51580
TPMT,A,M,76,76,,M,L,,,M76L,,,0.787337243,,,,P51580
TPMT,A,M,76,76,,M,N,,,M76N,,,0.205644006,,,,P51580
TPMT,A,M,76,76,,M,P,,,M76P,,,0.365299902,,,,P51580
TPMT,A,M,76,76,,M,Q,,,M76Q,,,0.373299387,,,,P51580
TPMT,A,M,76,76,,M,R,,,M76R,,,0.098302568,,,,P51580
TPMT,A,M,76,76,,M,S,,,M76S,,,0.40619953,,,,P51580
TPMT,A,M,76,76,,M,T,,,M76T,,,0.598425761,,,,P51580
TPMT,A,M,76,76,,M,V,,,M76V,,,0.525797902,,,,P51580
TPMT,A,M,76,76,,M,W,,,M76W,,,0.621511861,,,,P51580
TPMT,A,M,76,76,,M,Y,,,M76Y,,,0.438829077,,,,P51580
TPMT,A,K,77,77,,K,A,,,K77A,,,1.004690738,,,,P51580
TPMT,A,K,77,77,,K,C,,,K77C,,,1.221035924,,,,P51580
TPMT,A,K,77,77,,K,E,,,K77E,,,0.577258751,,,,P51580
TPMT,A,K,77,77,,K,G,,,K77G,,,0.890000079,,,,P51580
TPMT,A,K,77,77,,K,H,,,K77H,,,1.124131716,,,,P51580
TPMT,A,K,77,77,,K,I,,,K77I,,,0.633739724,,,,P51580
TPMT,A,K,77,77,,K,L,,,K77L,,,1.049073709,,,,P51580
TPMT,A,K,77,77,,K,M,,,K77M,,,0.973007294,,,,P51580
TPMT,A,K,77,77,,K,P,,,K77P,,,0.652345654,,,,P51580
TPMT,A,K,77,77,,K,Q,,,K77Q,,,0.971472264,,,,P51580
TPMT,A,K,77,77,,K,R,,,K77R,,,0.897069478,,,,P51580
TPMT,A,K,77,77,,K,S,,,K77S,,,1.187953544,,,,P51580
TPMT,A,K,77,77,,K,T,,,K77T,,,0.752042951,,,,P51580
TPMT,A,K,77,77,,K,V,,,K77V,,,1.030623923,,,,P51580
TPMT,A,K,77,77,,K,W,,,K77W,,,0.554518517,,,,P51580
TPMT,A,K,77,77,,K,Y,,,K77Y,,,0.545117114,,,,P51580
TPMT,A,W,78,78,,W,A,,,W78A,,,0.720031831,,,,P51580
TPMT,A,W,78,78,,W,C,,,W78C,,,0.795187378,,,,P51580
TPMT,A,W,78,78,,W,D,,,W78D,,,0.847381178,,,,P51580
TPMT,A,W,78,78,,W,E,,,W78E,,,0.721780752,,,,P51580
TPMT,A,W,78,78,,W,F,,,W78F,,,0.751047796,,,,P51580
TPMT,A,W,78,78,,W,G,,,W78G,,,0.671987596,,,,P51580
TPMT,A,W,78,78,,W,I,,,W78I,,,0.092159491,,,,P51580
TPMT,A,W,78,78,,W,L,,,W78L,,,0.800405834,,,,P51580
TPMT,A,W,78,78,,W,M,,,W78M,,,0.850097388,,,,P51580
TPMT,A,W,78,78,,W,N,,,W78N,,,0.528958519,,,,P51580
TPMT,A,W,78,78,,W,P,,,W78P,,,0.359223019,,,,P51580
TPMT,A,W,78,78,,W,Q,,,W78Q,,,0.663354719,,,,P51580
TPMT,A,W,78,78,,W,R,,,W78R,,,0.6537611,,,,P51580
TPMT,A,W,78,78,,W,S,,,W78S,,,0.559016551,,,,P51580
TPMT,A,W,78,78,,W,T,,,W78T,,,0.502707211,,,,P51580
TPMT,A,W,78,78,,W,V,,,W78V,,,0.975018572,,,,P51580
TPMT,A,W,78,78,,W,Y,,,W78Y,,,0.966122737,,,,P51580
TPMT,A,F,79,79,,F,A,,,F79A,,,0.777490796,,,,P51580
TPMT,A,F,79,79,,F,C,,,F79C,,,0.564417973,,,,P51580
TPMT,A,F,79,79,,F,D,,,F79D,,,0.423941435,,,,P51580
TPMT,A,F,79,79,,F,E,,,F79E,,,-0.032457901,,,,P51580
TPMT,A,F,79,79,,F,G,,,F79G,,,0.457531157,,,,P51580
TPMT,A,F,79,79,,F,I,,,F79I,,,0.883718118,,,,P51580
TPMT,A,F,79,79,,F,K,,,F79K,,,-0.059542087,,,,P51580
TPMT,A,F,79,79,,F,L,,,F79L,,,1.106008889,,,,P51580
TPMT,A,F,79,79,,F,M,,,F79M,,,0.987783882,,,,P51580
TPMT,A,F,79,79,,F,P,,,F79P,,,0.032434738,,,,P51580
TPMT,A,F,79,79,,F,Q,,,F79Q,,,0.044153019,,,,P51580
TPMT,A,F,79,79,,F,R,,,F79R,,,0.044532922,,,,P51580
TPMT,A,F,79,79,,F,S,,,F79S,,,0.327840914,,,,P51580
TPMT,A,F,79,79,,F,T,,,F79T,,,0.604259139,,,,P51580
TPMT,A,F,79,79,,F,V,,,F79V,,,0.707414254,,,,P51580
TPMT,A,F,79,79,,F,W,,,F79W,,,0.718365771,,,,P51580
TPMT,A,F,79,79,,F,Y,,,F79Y,,,0.766713991,,,,P51580
TPMT,A,A,80,80,,A,C,,,A80C,,,1.060482629,,,,P51580
TPMT,A,A,80,80,,A,D,,,A80D,,,0.64934232,,,,P51580
TPMT,A,A,80,80,,A,E,,,A80E,,,0.869598432,,,,P51580
TPMT,A,A,80,80,,A,F,,,A80F,,,0.660370104,,,,P51580
TPMT,A,A,80,80,,A,G,,,A80G,,,0.683264819,,,,P51580
TPMT,A,A,80,80,,A,H,,,A80H,,,0.593591508,,,,P51580
TPMT,A,A,80,80,,A,I,,,A80I,,,0.660795056,,,,P51580
TPMT,A,A,80,80,,A,K,,,A80K,,,0.397447854,,,,P51580
TPMT,A,A,80,80,,A,L,,,A80L,,,0.757413795,,,,P51580
TPMT,A,A,80,80,,A,M,,,A80M,,,0.84609127,,,,P51580
TPMT,A,A,80,80,,A,N,,,A80N,,,1.046235614,,,,P51580
TPMT,A,A,80,80,,A,P,,,A80P,,,0.361426813,,,,P51580
TPMT,A,A,80,80,,A,Q,,,A80Q,,,0.550725345,,,,P51580
TPMT,A,A,80,80,,A,R,,,A80R,,,0.566645299,,,,P51580
TPMT,A,A,80,80,,A,S,,,A80S,,,1.028072439,,,,P51580
TPMT,A,A,80,80,,A,T,,,A80T,,,0.851518537,,,,P51580
TPMT,A,A,80,80,,A,V,,,A80V,,,1.062093121,,,,P51580
TPMT,A,A,80,80,,A,W,,,A80W,,,0.416332376,,,,P51580
TPMT,A,A,80,80,,A,Y,,,A80Y,,,0.591117417,,,,P51580
TPMT,A,D,81,81,,D,A,,,D81A,,,0.850987349,,,,P51580
TPMT,A,D,81,81,,D,C,,,D81C,,,0.850011734,,,,P51580
TPMT,A,D,81,81,,D,E,,,D81E,,,1.067080841,,,,P51580
TPMT,A,D,81,81,,D,F,,,D81F,,,0.168100099,,,,P51580
TPMT,A,D,81,81,,D,G,,,D81G,,,0.688812828,,,,P51580
TPMT,A,D,81,81,,D,H,,,D81H,,,0.799454546,,,,P51580
TPMT,A,D,81,81,,D,K,,,D81K,,,0.793203626,,,,P51580
TPMT,A,D,81,81,,D,L,,,D81L,,,0.858113723,,,,P51580
TPMT,A,D,81,81,,D,M,,,D81M,,,0.690119254,,,,P51580
TPMT,A,D,81,81,,D,N,,,D81N,,,0.835079976,,,,P51580
TPMT,A,D,81,81,,D,P,,,D81P,,,-0.119387927,,,,P51580
TPMT,A,D,81,81,,D,Q,,,D81Q,,,0.964710512,,,,P51580
TPMT,A,D,81,81,,D,R,,,D81R,,,0.757273341,,,,P51580
TPMT,A,D,81,81,,D,S,,,D81S,,,0.951486001,,,,P51580
TPMT,A,D,81,81,,D,T,,,D81T,,,0.855479768,,,,P51580
TPMT,A,D,81,81,,D,V,,,D81V,,,0.675771555,,,,P51580
TPMT,A,D,81,81,,D,W,,,D81W,,,0.561896707,,,,P51580
TPMT,A,R,82,82,,R,A,,,R82A,,,1.019223167,,,,P51580
TPMT,A,R,82,82,,R,C,,,R82C,,,0.891432982,,,,P51580
TPMT,A,R,82,82,,R,D,,,R82D,,,0.863543436,,,,P51580
TPMT,A,R,82,82,,R,E,,,R82E,,,0.85780032,,,,P51580
TPMT,A,R,82,82,,R,F,,,R82F,,,0.795205969,,,,P51580
TPMT,A,R,82,82,,R,G,,,R82G,,,0.77743765,,,,P51580
TPMT,A,R,82,82,,R,H,,,R82H,,,0.937457467,,,,P51580
TPMT,A,R,82,82,,R,I,,,R82I,,,0.730012769,,,,P51580
TPMT,A,R,82,82,,R,K,,,R82K,,,0.935177257,,,,P51580
TPMT,A,R,82,82,,R,L,,,R82L,,,1.012771591,,,,P51580
TPMT,A,R,82,82,,R,M,,,R82M,,,0.799946491,,,,P51580
TPMT,A,R,82,82,,R,N,,,R82N,,,0.77581653,,,,P51580
TPMT,A,R,82,82,,R,P,,,R82P,,,0.585042183,,,,P51580
TPMT,A,R,82,82,,R,Q,,,R82Q,,,1.007402269,,,,P51580
TPMT,A,R,82,82,,R,S,,,R82S,,,1.010087254,,,,P51580
TPMT,A,R,82,82,,R,T,,,R82T,,,0.795269193,,,,P51580
TPMT,A,R,82,82,,R,V,,,R82V,,,0.893730804,,,,P51580
TPMT,A,R,82,82,,R,W,,,R82W,,,0.925136507,,,,P51580
TPMT,A,G,83,83,,G,A,,,G83A,,,0.539838775,,,,P51580
TPMT,A,G,83,83,,G,C,,,G83C,,,0.699354294,,,,P51580
TPMT,A,G,83,83,,G,E,,,G83E,,,0.463834973,,,,P51580
TPMT,A,G,83,83,,G,F,,,G83F,,,0.591429665,,,,P51580
TPMT,A,G,83,83,,G,I,,,G83I,,,0.208859244,,,,P51580
TPMT,A,G,83,83,,G,K,,,G83K,,,0.52389083,,,,P51580
TPMT,A,G,83,83,,G,L,,,G83L,,,0.304381262,,,,P51580
TPMT,A,G,83,83,,G,M,,,G83M,,,0.630073658,,,,P51580
TPMT,A,G,83,83,,G,Q,,,G83Q,,,0.567101443,,,,P51580
TPMT,A,G,83,83,,G,R,,,G83R,,,0.668675536,,,,P51580
TPMT,A,G,83,83,,G,S,,,G83S,,,0.790324724,,,,P51580
TPMT,A,G,83,83,,G,T,,,G83T,,,0.558047661,,,,P51580
TPMT,A,G,83,83,,G,W,,,G83W,,,0.248395743,,,,P51580
TPMT,A,H,84,84,,H,A,,,H84A,,,1.0507361,,,,P51580
TPMT,A,H,84,84,,H,C,,,H84C,,,0.8530448,,,,P51580
TPMT,A,H,84,84,,H,D,,,H84D,,,0.478256766,,,,P51580
TPMT,A,H,84,84,,H,E,,,H84E,,,0.144074629,,,,P51580
TPMT,A,H,84,84,,H,F,,,H84F,,,0.926122754,,,,P51580
TPMT,A,H,84,84,,H,G,,,H84G,,,0.249338687,,,,P51580
TPMT,A,H,84,84,,H,I,,,H84I,,,0.421725746,,,,P51580
TPMT,A,H,84,84,,H,K,,,H84K,,,-0.013550114,,,,P51580
TPMT,A,H,84,84,,H,L,,,H84L,,,0.802994135,,,,P51580
TPMT,A,H,84,84,,H,M,,,H84M,,,1.068026995,,,,P51580
TPMT,A,H,84,84,,H,N,,,H84N,,,0.775685926,,,,P51580
TPMT,A,H,84,84,,H,P,,,H84P,,,0.063867197,,,,P51580
TPMT,A,H,84,84,,H,Q,,,H84Q,,,0.534718671,,,,P51580
TPMT,A,H,84,84,,H,R,,,H84R,,,0.050585796,,,,P51580
TPMT,A,H,84,84,,H,S,,,H84S,,,0.638009936,,,,P51580
TPMT,A,H,84,84,,H,T,,,H84T,,,0.708845913,,,,P51580
TPMT,A,H,84,84,,H,V,,,H84V,,,0.82282803,,,,P51580
TPMT,A,H,84,84,,H,W,,,H84W,,,0.75871294,,,,P51580
TPMT,A,H,84,84,,H,Y,,,H84Y,,,0.749219742,,,,P51580
TPMT,A,S,85,85,,S,A,,,S85A,,,0.932155779,,,,P51580
TPMT,A,S,85,85,,S,C,,,S85C,,,1.077162581,,,,P51580
TPMT,A,S,85,85,,S,E,,,S85E,,,1.16526652,,,,P51580
TPMT,A,S,85,85,,S,F,,,S85F,,,1.089922367,,,,P51580
TPMT,A,S,85,85,,S,G,,,S85G,,,0.562298157,,,,P51580
TPMT,A,S,85,85,,S,H,,,S85H,,,1.140785404,,,,P51580
TPMT,A,S,85,85,,S,I,,,S85I,,,0.977408649,,,,P51580
TPMT,A,S,85,85,,S,K,,,S85K,,,0.914135506,,,,P51580
TPMT,A,S,85,85,,S,L,,,S85L,,,1.043662441,,,,P51580
TPMT,A,S,85,85,,S,M,,,S85M,,,1.048797195,,,,P51580
TPMT,A,S,85,85,,S,N,,,S85N,,,1.299417787,,,,P51580
TPMT,A,S,85,85,,S,P,,,S85P,,,0.77806163,,,,P51580
TPMT,A,S,85,85,,S,Q,,,S85Q,,,1.134184667,,,,P51580
TPMT,A,S,85,85,,S,R,,,S85R,,,0.903402135,,,,P51580
TPMT,A,S,85,85,,S,T,,,S85T,,,0.802521482,,,,P51580
TPMT,A,S,85,85,,S,V,,,S85V,,,1.118395362,,,,P51580
TPMT,A,S,85,85,,S,W,,,S85W,,,0.917393747,,,,P51580
TPMT,A,S,85,85,,S,Y,,,S85Y,,,0.998531723,,,,P51580
TPMT,A,V,86,86,,V,A,,,V86A,,,0.839785224,,,,P51580
TPMT,A,V,86,86,,V,C,,,V86C,,,0.7339385,,,,P51580
TPMT,A,V,86,86,,V,D,,,V86D,,,-0.093029081,,,,P51580
TPMT,A,V,86,86,,V,E,,,V86E,,,0.02705195,,,,P51580
TPMT,A,V,86,86,,V,F,,,V86F,,,-0.012425747,,,,P51580
TPMT,A,V,86,86,,V,G,,,V86G,,,-0.022650499,,,,P51580
TPMT,A,V,86,86,,V,I,,,V86I,,,0.981955147,,,,P51580
TPMT,A,V,86,86,,V,K,,,V86K,,,0.127192285,,,,P51580
TPMT,A,V,86,86,,V,L,,,V86L,,,0.623697581,,,,P51580
TPMT,A,V,86,86,,V,M,,,V86M,,,0.072121288,,,,P51580
TPMT,A,V,86,86,,V,N,,,V86N,,,-0.071968821,,,,P51580
TPMT,A,V,86,86,,V,P,,,V86P,,,0.198530331,,,,P51580
TPMT,A,V,86,86,,V,Q,,,V86Q,,,0.017244343,,,,P51580
TPMT,A,V,86,86,,V,R,,,V86R,,,0.126837789,,,,P51580
TPMT,A,V,86,86,,V,S,,,V86S,,,0.555306703,,,,P51580
TPMT,A,V,86,86,,V,T,,,V86T,,,0.648573478,,,,P51580
TPMT,A,V,86,86,,V,W,,,V86W,,,-0.040411731,,,,P51580
TPMT,A,V,86,86,,V,Y,,,V86Y,,,-0.03831107,,,,P51580
TPMT,A,V,87,87,,V,A,,,V87A,,,1.082061588,,,,P51580
TPMT,A,V,87,87,,V,C,,,V87C,,,0.975438224,,,,P51580
TPMT,A,V,87,87,,V,D,,,V87D,,,0.480433109,,,,P51580
TPMT,A,V,87,87,,V,E,,,V87E,,,0.428108791,,,,P51580
TPMT,A,V,87,87,,V,F,,,V87F,,,0.995170917,,,,P51580
TPMT,A,V,87,87,,V,G,,,V87G,,,0.518081517,,,,P51580
TPMT,A,V,87,87,,V,K,,,V87K,,,0.62928838,,,,P51580
TPMT,A,V,87,87,,V,L,,,V87L,,,0.661693853,,,,P51580
TPMT,A,V,87,87,,V,M,,,V87M,,,0.852914763,,,,P51580
TPMT,A,V,87,87,,V,P,,,V87P,,,0.129838522,,,,P51580
TPMT,A,V,87,87,,V,R,,,V87R,,,0.509670932,,,,P51580
TPMT,A,V,87,87,,V,S,,,V87S,,,0.9112764,,,,P51580
TPMT,A,V,87,87,,V,T,,,V87T,,,1.20371267,,,,P51580
TPMT,A,V,87,87,,V,W,,,V87W,,,0.679510313,,,,P51580
TPMT,A,V,87,87,,V,Y,,,V87Y,,,0.501125531,,,,P51580
TPMT,A,G,88,88,,G,A,,,G88A,,,0.648364769,,,,P51580
TPMT,A,G,88,88,,G,D,,,G88D,,,0.278198655,,,,P51580
TPMT,A,G,88,88,,G,E,,,G88E,,,0.167079704,,,,P51580
TPMT,A,G,88,88,,G,F,,,G88F,,,0.265042345,,,,P51580
TPMT,A,G,88,88,,G,I,,,G88I,,,0.124714696,,,,P51580
TPMT,A,G,88,88,,G,K,,,G88K,,,0.067492412,,,,P51580
TPMT,A,G,88,88,,G,L,,,G88L,,,0.00196674,,,,P51580
TPMT,A,G,88,88,,G,M,,,G88M,,,-0.047260283,,,,P51580
TPMT,A,G,88,88,,G,N,,,G88N,,,0.954845097,,,,P51580
TPMT,A,G,88,88,,G,P,,,G88P,,,0.382275617,,,,P51580
TPMT,A,G,88,88,,G,Q,,,G88Q,,,0.352737826,,,,P51580
TPMT,A,G,88,88,,G,R,,,G88R,,,-0.034183311,,,,P51580
TPMT,A,G,88,88,,G,S,,,G88S,,,0.794633531,,,,P51580
TPMT,A,G,88,88,,G,T,,,G88T,,,0.133088553,,,,P51580
TPMT,A,G,88,88,,G,V,,,G88V,,,0.320400151,,,,P51580
TPMT,A,G,88,88,,G,W,,,G88W,,,0.238187606,,,,P51580
TPMT,A,V,89,89,,V,C,,,V89C,,,1.221707917,,,,P51580
TPMT,A,V,89,89,,V,E,,,V89E,,,-0.003803405,,,,P51580
TPMT,A,V,89,89,,V,F,,,V89F,,,0.82675355,,,,P51580
TPMT,A,V,89,89,,V,G,,,V89G,,,0.433598341,,,,P51580
TPMT,A,V,89,89,,V,I,,,V89I,,,0.771258395,,,,P51580
TPMT,A,V,89,89,,V,K,,,V89K,,,-0.142689526,,,,P51580
TPMT,A,V,89,89,,V,L,,,V89L,,,0.862062115,,,,P51580
TPMT,A,V,89,89,,V,M,,,V89M,,,0.736743822,,,,P51580
TPMT,A,V,89,89,,V,N,,,V89N,,,1.08999145,,,,P51580
TPMT,A,V,89,89,,V,P,,,V89P,,,0.075105618,,,,P51580
TPMT,A,V,89,89,,V,Q,,,V89Q,,,0.741165031,,,,P51580
TPMT,A,V,89,89,,V,R,,,V89R,,,0.312281996,,,,P51580
TPMT,A,V,89,89,,V,S,,,V89S,,,0.766446261,,,,P51580
TPMT,A,V,89,89,,V,T,,,V89T,,,0.788543024,,,,P51580
TPMT,A,V,89,89,,V,W,,,V89W,,,0.680460803,,,,P51580
TPMT,A,V,89,89,,V,Y,,,V89Y,,,0.488427811,,,,P51580
TPMT,A,E,90,90,,E,A,,,E90A,,,0.872457003,,,,P51580
TPMT,A,E,90,90,,E,C,,,E90C,,,0.764254301,,,,P51580
TPMT,A,E,90,90,,E,D,,,E90D,,,1.170459114,,,,P51580
TPMT,A,E,90,90,,E,F,,,E90F,,,0.672767338,,,,P51580
TPMT,A,E,90,90,,E,G,,,E90G,,,0.792620949,,,,P51580
TPMT,A,E,90,90,,E,H,,,E90H,,,0.502636275,,,,P51580
TPMT,A,E,90,90,,E,I,,,E90I,,,0.498027481,,,,P51580
TPMT,A,E,90,90,,E,K,,,E90K,,,0.867383095,,,,P51580
TPMT,A,E,90,90,,E,L,,,E90L,,,0.625146147,,,,P51580
TPMT,A,E,90,90,,E,M,,,E90M,,,0.777617716,,,,P51580
TPMT,A,E,90,90,,E,N,,,E90N,,,0.902539351,,,,P51580
TPMT,A,E,90,90,,E,P,,,E90P,,,0.769794068,,,,P51580
TPMT,A,E,90,90,,E,R,,,E90R,,,0.619560495,,,,P51580
TPMT,A,E,90,90,,E,S,,,E90S,,,0.772752632,,,,P51580
TPMT,A,E,90,90,,E,T,,,E90T,,,0.579648692,,,,P51580
TPMT,A,E,90,90,,E,V,,,E90V,,,0.793870848,,,,P51580
TPMT,A,E,90,90,,E,W,,,E90W,,,0.825473832,,,,P51580
TPMT,A,I,91,91,,I,A,,,I91A,,,0.660653763,,,,P51580
TPMT,A,I,91,91,,I,C,,,I91C,,,0.849873554,,,,P51580
TPMT,A,I,91,91,,I,D,,,I91D,,,0.640785767,,,,P51580
TPMT,A,I,91,91,,I,E,,,I91E,,,0.59815118,,,,P51580
TPMT,A,I,91,91,,I,F,,,I91F,,,0.541644668,,,,P51580
TPMT,A,I,91,91,,I,G,,,I91G,,,0.692789487,,,,P51580
TPMT,A,I,91,91,,I,H,,,I91H,,,0.875155126,,,,P51580
TPMT,A,I,91,91,,I,K,,,I91K,,,0.82587579,,,,P51580
TPMT,A,I,91,91,,I,L,,,I91L,,,0.800201034,,,,P51580
TPMT,A,I,91,91,,I,M,,,I91M,,,0.652302874,,,,P51580
TPMT,A,I,91,91,,I,N,,,I91N,,,0.669208731,,,,P51580
TPMT,A,I,91,91,,I,P,,,I91P,,,0.914026583,,,,P51580
TPMT,A,I,91,91,,I,Q,,,I91Q,,,0.89007057,,,,P51580
TPMT,A,I,91,91,,I,R,,,I91R,,,0.631933423,,,,P51580
TPMT,A,I,91,91,,I,S,,,I91S,,,0.871725151,,,,P51580
TPMT,A,I,91,91,,I,T,,,I91T,,,0.66453634,,,,P51580
TPMT,A,I,91,91,,I,V,,,I91V,,,1.096759723,,,,P51580
TPMT,A,I,91,91,,I,W,,,I91W,,,0.901696217,,,,P51580
TPMT,A,I,91,91,,I,Y,,,I91Y,,,0.507426983,,,,P51580
TPMT,A,S,92,92,,S,A,,,S92A,,,0.596954006,,,,P51580
TPMT,A,S,92,92,,S,D,,,S92D,,,0.326016271,,,,P51580
TPMT,A,S,92,92,,S,E,,,S92E,,,0.560989493,,,,P51580
TPMT,A,S,92,92,,S,F,,,S92F,,,0.521960409,,,,P51580
TPMT,A,S,92,92,,S,G,,,S92G,,,0.693335257,,,,P51580
TPMT,A,S,92,92,,S,K,,,S92K,,,0.764589892,,,,P51580
TPMT,A,S,92,92,,S,L,,,S92L,,,0.590255869,,,,P51580
TPMT,A,S,92,92,,S,M,,,S92M,,,0.693597603,,,,P51580
TPMT,A,S,92,92,,S,N,,,S92N,,,0.687395922,,,,P51580
TPMT,A,S,92,92,,S,P,,,S92P,,,0.225223536,,,,P51580
TPMT,A,S,92,92,,S,Q,,,S92Q,,,0.525818673,,,,P51580
TPMT,A,S,92,92,,S,R,,,S92R,,,0.646998152,,,,P51580
TPMT,A,S,92,92,,S,T,,,S92T,,,0.657183283,,,,P51580
TPMT,A,S,92,92,,S,V,,,S92V,,,0.660759963,,,,P51580
TPMT,A,S,92,92,,S,W,,,S92W,,,0.630733912,,,,P51580
TPMT,A,S,92,92,,S,Y,,,S92Y,,,0.737671956,,,,P51580
TPMT,A,E,93,93,,E,A,,,E93A,,,1.012532737,,,,P51580
TPMT,A,E,93,93,,E,F,,,E93F,,,1.310270113,,,,P51580
TPMT,A,E,93,93,,E,G,,,E93G,,,0.576060819,,,,P51580
TPMT,A,E,93,93,,E,Q,,,E93Q,,,1.069236639,,,,P51580
TPMT,A,E,93,93,,E,R,,,E93R,,,1.127867495,,,,P51580
TPMT,A,E,93,93,,E,S,,,E93S,,,1.076827762,,,,P51580
TPMT,A,E,93,93,,E,T,,,E93T,,,0.774869362,,,,P51580
TPMT,A,E,93,93,,E,W,,,E93W,,,0.757332312,,,,P51580
TPMT,A,L,94,94,,L,A,,,L94A,,,0.875911197,,,,P51580
TPMT,A,L,94,94,,L,D,,,L94D,,,0.718959096,,,,P51580
TPMT,A,L,94,94,,L,E,,,L94E,,,1.070970131,,,,P51580
TPMT,A,L,94,94,,L,G,,,L94G,,,0.935382025,,,,P51580
TPMT,A,L,94,94,,L,K,,,L94K,,,1.455163958,,,,P51580
TPMT,A,L,94,94,,L,N,,,L94N,,,1.154733734,,,,P51580
TPMT,A,L,94,94,,L,P,,,L94P,,,1.522744464,,,,P51580
TPMT,A,L,94,94,,L,Q,,,L94Q,,,1.240028286,,,,P51580
TPMT,A,L,94,94,,L,R,,,L94R,,,1.015429248,,,,P51580
TPMT,A,L,94,94,,L,S,,,L94S,,,0.746705224,,,,P51580
TPMT,A,L,94,94,,L,T,,,L94T,,,0.790545785,,,,P51580
TPMT,A,L,94,94,,L,V,,,L94V,,,1.099353303,,,,P51580
TPMT,A,L,94,94,,L,W,,,L94W,,,0.57332525,,,,P51580
TPMT,A,L,94,94,,L,Y,,,L94Y,,,1.032519176,,,,P51580
TPMT,A,Q,97,97,,Q,A,,,Q97A,,,0.936961343,,,,P51580
TPMT,A,Q,97,97,,Q,C,,,Q97C,,,1.115869864,,,,P51580
TPMT,A,Q,97,97,,Q,E,,,Q97E,,,0.557160435,,,,P51580
TPMT,A,Q,97,97,,Q,G,,,Q97G,,,0.870718715,,,,P51580
TPMT,A,Q,97,97,,Q,K,,,Q97K,,,0.462629728,,,,P51580
TPMT,A,Q,97,97,,Q,L,,,Q97L,,,0.826613084,,,,P51580
TPMT,A,Q,97,97,,Q,M,,,Q97M,,,1.496644279,,,,P51580
TPMT,A,Q,97,97,,Q,N,,,Q97N,,,0.833919289,,,,P51580
TPMT,A,Q,97,97,,Q,P,,,Q97P,,,0.680455455,,,,P51580
TPMT,A,Q,97,97,,Q,R,,,Q97R,,,1.014179268,,,,P51580
TPMT,A,Q,97,97,,Q,S,,,Q97S,,,0.970801556,,,,P51580
TPMT,A,Q,97,97,,Q,T,,,Q97T,,,0.911536053,,,,P51580
TPMT,A,Q,97,97,,Q,V,,,Q97V,,,1.035413886,,,,P51580
TPMT,A,Q,97,97,,Q,W,,,Q97W,,,0.862477516,,,,P51580
TPMT,A,E,98,98,,E,A,,,E98A,,,0.945916168,,,,P51580
TPMT,A,E,98,98,,E,G,,,E98G,,,0.966918909,,,,P51580
TPMT,A,E,98,98,,E,K,,,E98K,,,0.801929388,,,,P51580
TPMT,A,E,98,98,,E,P,,,E98P,,,0.345488193,,,,P51580
TPMT,A,E,98,98,,E,R,,,E98R,,,0.991621089,,,,P51580
TPMT,A,E,98,98,,E,S,,,E98S,,,1.051488239,,,,P51580
TPMT,A,E,98,98,,E,T,,,E98T,,,1.134051664,,,,P51580
TPMT,A,E,98,98,,E,V,,,E98V,,,0.666648129,,,,P51580
TPMT,A,E,98,98,,E,W,,,E98W,,,0.463679514,,,,P51580
TPMT,A,F,99,99,,F,A,,,F99A,,,0.395688247,,,,P51580
TPMT,A,F,99,99,,F,D,,,F99D,,,-0.083764125,,,,P51580
TPMT,A,F,99,99,,F,E,,,F99E,,,0.145434577,,,,P51580
TPMT,A,F,99,99,,F,G,,,F99G,,,0.118137801,,,,P51580
TPMT,A,F,99,99,,F,K,,,F99K,,,0.400569014,,,,P51580
TPMT,A,F,99,99,,F,M,,,F99M,,,0.70911117,,,,P51580
TPMT,A,F,99,99,,F,Q,,,F99Q,,,0.119508589,,,,P51580
TPMT,A,F,99,99,,F,R,,,F99R,,,0.335667172,,,,P51580
TPMT,A,F,99,99,,F,S,,,F99S,,,0.628015704,,,,P51580
TPMT,A,F,99,99,,F,T,,,F99T,,,0.368216642,,,,P51580
TPMT,A,F,99,99,,F,V,,,F99V,,,0.533143951,,,,P51580
TPMT,A,F,99,99,,F,W,,,F99W,,,0.888703687,,,,P51580
TPMT,A,F,100,100,,F,A,,,F100A,,,0.039278336,,,,P51580
TPMT,A,F,100,100,,F,D,,,F100D,,,0.297059589,,,,P51580
TPMT,A,F,100,100,,F,E,,,F100E,,,0.148586285,,,,P51580
TPMT,A,F,100,100,,F,G,,,F100G,,,0.150748326,,,,P51580
TPMT,A,F,100,100,,F,K,,,F100K,,,-0.360815655,,,,P51580
TPMT,A,F,100,100,,F,L,,,F100L,,,0.794886754,,,,P51580
TPMT,A,F,100,100,,F,M,,,F100M,,,0.969880173,,,,P51580
TPMT,A,F,100,100,,F,Q,,,F100Q,,,0.09547941,,,,P51580
TPMT,A,F,100,100,,F,R,,,F100R,,,0.224502802,,,,P51580
TPMT,A,F,100,100,,F,S,,,F100S,,,0.196578517,,,,P51580
TPMT,A,F,100,100,,F,T,,,F100T,,,0.352514116,,,,P51580
TPMT,A,F,100,100,,F,V,,,F100V,,,0.234325429,,,,P51580
TPMT,A,F,100,100,,F,W,,,F100W,,,0.918041844,,,,P51580
TPMT,A,T,101,101,,T,D,,,T101D,,,0.745382439,,,,P51580
TPMT,A,T,101,101,,T,E,,,T101E,,,1.027508201,,,,P51580
TPMT,A,T,101,101,,T,G,,,T101G,,,1.157477741,,,,P51580
TPMT,A,T,101,101,,T,H,,,T101H,,,0.926754414,,,,P51580
TPMT,A,T,101,101,,T,K,,,T101K,,,1.011431447,,,,P51580
TPMT,A,T,101,101,,T,L,,,T101L,,,0.857476083,,,,P51580
TPMT,A,T,101,101,,T,M,,,T101M,,,0.570103677,,,,P51580
TPMT,A,T,101,101,,T,R,,,T101R,,,1.112617683,,,,P51580
TPMT,A,T,101,101,,T,S,,,T101S,,,1.014916128,,,,P51580
TPMT,A,T,101,101,,T,V,,,T101V,,,1.101541289,,,,P51580
TPMT,A,T,101,101,,T,W,,,T101W,,,0.882970098,,,,P51580
TPMT,A,T,101,101,,T,Y,,,T101Y,,,0.852194126,,,,P51580
TPMT,A,E,102,102,,E,A,,,E102A,,,0.923145698,,,,P51580
TPMT,A,E,102,102,,E,G,,,E102G,,,0.916314181,,,,P51580
TPMT,A,E,102,102,,E,L,,,E102L,,,0.942690671,,,,P51580
TPMT,A,E,102,102,,E,M,,,E102M,,,0.992218604,,,,P51580
TPMT,A,E,102,102,,E,P,,,E102P,,,-0.108855175,,,,P51580
TPMT,A,E,102,102,,E,R,,,E102R,,,0.674570981,,,,P51580
TPMT,A,E,102,102,,E,S,,,E102S,,,0.964414153,,,,P51580
TPMT,A,E,102,102,,E,T,,,E102T,,,0.810400777,,,,P51580
TPMT,A,E,102,102,,E,V,,,E102V,,,1.026717564,,,,P51580
TPMT,A,E,102,102,,E,W,,,E102W,,,0.545532707,,,,P51580
TPMT,A,Q,103,103,,Q,A,,,Q103A,,,1.044655581,,,,P51580
TPMT,A,Q,103,103,,Q,C,,,Q103C,,,0.854767191,,,,P51580
TPMT,A,Q,103,103,,Q,D,,,Q103D,,,0.562807973,,,,P51580
TPMT,A,Q,103,103,,Q,E,,,Q103E,,,0.62015794,,,,P51580
TPMT,A,Q,103,103,,Q,F,,,Q103F,,,1.036609219,,,,P51580
TPMT,A,Q,103,103,,Q,G,,,Q103G,,,0.945309442,,,,P51580
TPMT,A,Q,103,103,,Q,I,,,Q103I,,,0.979931562,,,,P51580
TPMT,A,Q,103,103,,Q,K,,,Q103K,,,0.995207711,,,,P51580
TPMT,A,Q,103,103,,Q,L,,,Q103L,,,0.799811015,,,,P51580
TPMT,A,Q,103,103,,Q,M,,,Q103M,,,0.858715395,,,,P51580
TPMT,A,Q,103,103,,Q,N,,,Q103N,,,1.160442427,,,,P51580
TPMT,A,Q,103,103,,Q,P,,,Q103P,,,0.319805128,,,,P51580
TPMT,A,Q,103,103,,Q,R,,,Q103R,,,0.5025426,,,,P51580
TPMT,A,Q,103,103,,Q,S,,,Q103S,,,0.775396232,,,,P51580
TPMT,A,Q,103,103,,Q,T,,,Q103T,,,0.694974898,,,,P51580
TPMT,A,Q,103,103,,Q,V,,,Q103V,,,0.851477928,,,,P51580
TPMT,A,Q,103,103,,Q,W,,,Q103W,,,0.919395072,,,,P51580
TPMT,A,Q,103,103,,Q,Y,,,Q103Y,,,0.838052612,,,,P51580
TPMT,A,N,104,104,,N,A,,,N104A,,,1.023854,,,,P51580
TPMT,A,N,104,104,,N,C,,,N104C,,,1.007187341,,,,P51580
TPMT,A,N,104,104,,N,E,,,N104E,,,0.954606803,,,,P51580
TPMT,A,N,104,104,,N,G,,,N104G,,,0.949057339,,,,P51580
TPMT,A,N,104,104,,N,L,,,N104L,,,0.850422411,,,,P51580
TPMT,A,N,104,104,,N,P,,,N104P,,,0.116785102,,,,P51580
TPMT,A,N,104,104,,N,Q,,,N104Q,,,0.713106516,,,,P51580
TPMT,A,N,104,104,,N,R,,,N104R,,,0.991527332,,,,P51580
TPMT,A,N,104,104,,N,T,,,N104T,,,0.601622741,,,,P51580
TPMT,A,N,104,104,,N,V,,,N104V,,,0.729554117,,,,P51580
TPMT,A,N,104,104,,N,W,,,N104W,,,0.757575429,,,,P51580
TPMT,A,L,105,105,,L,A,,,L105A,,,0.879229355,,,,P51580
TPMT,A,L,105,105,,L,C,,,L105C,,,0.916622748,,,,P51580
TPMT,A,L,105,105,,L,E,,,L105E,,,0.288995414,,,,P51580
TPMT,A,L,105,105,,L,G,,,L105G,,,0.502781809,,,,P51580
TPMT,A,L,105,105,,L,H,,,L105H,,,1.146375595,,,,P51580
TPMT,A,L,105,105,,L,K,,,L105K,,,0.449561069,,,,P51580
TPMT,A,L,105,105,,L,Q,,,L105Q,,,0.938958049,,,,P51580
TPMT,A,L,105,105,,L,R,,,L105R,,,0.454928887,,,,P51580
TPMT,A,L,105,105,,L,S,,,L105S,,,0.792059596,,,,P51580
TPMT,A,L,105,105,,L,T,,,L105T,,,1.020745869,,,,P51580
TPMT,A,L,105,105,,L,V,,,L105V,,,0.996347928,,,,P51580
TPMT,A,L,105,105,,L,W,,,L105W,,,0.746939977,,,,P51580
TPMT,A,S,106,106,,S,A,,,S106A,,,1.129055663,,,,P51580
TPMT,A,S,106,106,,S,C,,,S106C,,,0.609660259,,,,P51580
TPMT,A,S,106,106,,S,D,,,S106D,,,1.250903103,,,,P51580
TPMT,A,S,106,106,,S,E,,,S106E,,,1.092963912,,,,P51580
TPMT,A,S,106,106,,S,G,,,S106G,,,1.037564013,,,,P51580
TPMT,A,S,106,106,,S,H,,,S106H,,,0.990256488,,,,P51580
TPMT,A,S,106,106,,S,L,,,S106L,,,0.994452926,,,,P51580
TPMT,A,S,106,106,,S,M,,,S106M,,,0.693971825,,,,P51580
TPMT,A,S,106,106,,S,N,,,S106N,,,0.604346395,,,,P51580
TPMT,A,S,106,106,,S,P,,,S106P,,,1.110485617,,,,P51580
TPMT,A,S,106,106,,S,Q,,,S106Q,,,1.032076706,,,,P51580
TPMT,A,S,106,106,,S,R,,,S106R,,,0.780560747,,,,P51580
TPMT,A,S,106,106,,S,T,,,S106T,,,0.965982638,,,,P51580
TPMT,A,S,106,106,,S,V,,,S106V,,,0.999012651,,,,P51580
TPMT,A,S,106,106,,S,W,,,S106W,,,0.973036898,,,,P51580
TPMT,A,S,106,106,,S,Y,,,S106Y,,,0.035497663,,,,P51580
TPMT,A,Y,107,107,,Y,A,,,Y107A,,,0.634408564,,,,P51580
TPMT,A,Y,107,107,,Y,C,,,Y107C,,,0.707592577,,,,P51580
TPMT,A,Y,107,107,,Y,E,,,Y107E,,,0.353317526,,,,P51580
TPMT,A,Y,107,107,,Y,G,,,Y107G,,,0.234921843,,,,P51580
TPMT,A,Y,107,107,,Y,H,,,Y107H,,,0.714048659,,,,P51580
TPMT,A,Y,107,107,,Y,K,,,Y107K,,,0.616093664,,,,P51580
TPMT,A,Y,107,107,,Y,L,,,Y107L,,,0.537852047,,,,P51580
TPMT,A,Y,107,107,,Y,M,,,Y107M,,,0.945571299,,,,P51580
TPMT,A,Y,107,107,,Y,Q,,,Y107Q,,,0.124181479,,,,P51580
TPMT,A,Y,107,107,,Y,R,,,Y107R,,,0.817158962,,,,P51580
TPMT,A,Y,107,107,,Y,S,,,Y107S,,,0.634153712,,,,P51580
TPMT,A,Y,107,107,,Y,T,,,Y107T,,,0.409830743,,,,P51580
TPMT,A,Y,107,107,,Y,V,,,Y107V,,,0.776661002,,,,P51580
TPMT,A,Y,107,107,,Y,W,,,Y107W,,,0.693279655,,,,P51580
TPMT,A,S,108,108,,S,A,,,S108A,,,0.930256064,,,,P51580
TPMT,A,S,108,108,,S,C,,,S108C,,,0.752908163,,,,P51580
TPMT,A,S,108,108,,S,D,,,S108D,,,0.672979913,,,,P51580
TPMT,A,S,108,108,,S,E,,,S108E,,,1.022711216,,,,P51580
TPMT,A,S,108,108,,S,K,,,S108K,,,1.017439974,,,,P51580
TPMT,A,S,108,108,,S,L,,,S108L,,,1.080026758,,,,P51580
TPMT,A,S,108,108,,S,M,,,S108M,,,0.88866307,,,,P51580
TPMT,A,S,108,108,,S,P,,,S108P,,,-0.196160374,,,,P51580
TPMT,A,S,108,108,,S,Q,,,S108Q,,,0.690537103,,,,P51580
TPMT,A,S,108,108,,S,R,,,S108R,,,0.838923045,,,,P51580
TPMT,A,S,108,108,,S,V,,,S108V,,,0.983812268,,,,P51580
TPMT,A,S,108,108,,S,W,,,S108W,,,1.013637355,,,,P51580
TPMT,A,S,108,108,,S,Y,,,S108Y,,,0.931379669,,,,P51580
TPMT,A,E,109,109,,E,A,,,E109A,,,1.024303711,,,,P51580
TPMT,A,E,109,109,,E,C,,,E109C,,,0.868174411,,,,P51580
TPMT,A,E,109,109,,E,G,,,E109G,,,0.942677032,,,,P51580
TPMT,A,E,109,109,,E,H,,,E109H,,,0.812456171,,,,P51580
TPMT,A,E,109,109,,E,K,,,E109K,,,1.057757918,,,,P51580
TPMT,A,E,109,109,,E,L,,,E109L,,,0.865269552,,,,P51580
TPMT,A,E,109,109,,E,Q,,,E109Q,,,0.926680239,,,,P51580
TPMT,A,E,109,109,,E,R,,,E109R,,,1.023535233,,,,P51580
TPMT,A,E,109,109,,E,T,,,E109T,,,0.961588034,,,,P51580
TPMT,A,E,109,109,,E,V,,,E109V,,,0.850785612,,,,P51580
TPMT,A,E,109,109,,E,W,,,E109W,,,1.071266273,,,,P51580
TPMT,A,E,109,109,,E,Y,,,E109Y,,,0.892349736,,,,P51580
TPMT,A,E,110,110,,E,A,,,E110A,,,0.965403586,,,,P51580
TPMT,A,E,110,110,,E,C,,,E110C,,,0.820401484,,,,P51580
TPMT,A,E,110,110,,E,G,,,E110G,,,0.878737897,,,,P51580
TPMT,A,E,110,110,,E,K,,,E110K,,,1.140890233,,,,P51580
TPMT,A,E,110,110,,E,L,,,E110L,,,1.046994841,,,,P51580
TPMT,A,E,110,110,,E,M,,,E110M,,,0.806617222,,,,P51580
TPMT,A,E,110,110,,E,P,,,E110P,,,0.299693628,,,,P51580
TPMT,A,E,110,110,,E,Q,,,E110Q,,,1.2390078,,,,P51580
TPMT,A,E,110,110,,E,R,,,E110R,,,0.938512575,,,,P51580
TPMT,A,E,110,110,,E,S,,,E110S,,,1.135732517,,,,P51580
TPMT,A,E,110,110,,E,T,,,E110T,,,0.98383909,,,,P51580
TPMT,A,E,110,110,,E,V,,,E110V,,,0.855409519,,,,P51580
TPMT,A,E,110,110,,E,W,,,E110W,,,0.965062358,,,,P51580
TPMT,A,P,111,111,,P,A,,,P111A,,,1.057386339,,,,P51580
TPMT,A,P,111,111,,P,D,,,P111D,,,1.13899855,,,,P51580
TPMT,A,P,111,111,,P,E,,,P111E,,,1.069007669,,,,P51580
TPMT,A,P,111,111,,P,G,,,P111G,,,1.019336795,,,,P51580
TPMT,A,P,111,111,,P,H,,,P111H,,,0.861265045,,,,P51580
TPMT,A,P,111,111,,P,I,,,P111I,,,1.090030563,,,,P51580
TPMT,A,P,111,111,,P,K,,,P111K,,,0.88980469,,,,P51580
TPMT,A,P,111,111,,P,M,,,P111M,,,0.818042391,,,,P51580
TPMT,A,P,111,111,,P,Q,,,P111Q,,,0.911679813,,,,P51580
TPMT,A,P,111,111,,P,R,,,P111R,,,1.140244118,,,,P51580
TPMT,A,P,111,111,,P,T,,,P111T,,,0.706135862,,,,P51580
TPMT,A,P,111,111,,P,V,,,P111V,,,1.025187596,,,,P51580
TPMT,A,P,111,111,,P,W,,,P111W,,,0.783559809,,,,P51580
TPMT,A,P,111,111,,P,Y,,,P111Y,,,0.752954058,,,,P51580
TPMT,A,I,112,112,,I,A,,,I112A,,,0.948975679,,,,P51580
TPMT,A,I,112,112,,I,C,,,I112C,,,0.371114309,,,,P51580
TPMT,A,I,112,112,,I,E,,,I112E,,,0.560720663,,,,P51580
TPMT,A,I,112,112,,I,F,,,I112F,,,0.874628203,,,,P51580
TPMT,A,I,112,112,,I,G,,,I112G,,,0.79675615,,,,P51580
TPMT,A,I,112,112,,I,L,,,I112L,,,0.199488263,,,,P51580
TPMT,A,I,112,112,,I,N,,,I112N,,,1.122484168,,,,P51580
TPMT,A,I,112,112,,I,P,,,I112P,,,0.566577238,,,,P51580
TPMT,A,I,112,112,,I,Q,,,I112Q,,,0.823105494,,,,P51580
TPMT,A,I,112,112,,I,R,,,I112R,,,0.851814156,,,,P51580
TPMT,A,I,112,112,,I,V,,,I112V,,,0.546330632,,,,P51580
TPMT,A,I,112,112,,I,W,,,I112W,,,0.744775139,,,,P51580
TPMT,A,I,112,112,,I,Y,,,I112Y,,,0.959636642,,,,P51580
TPMT,A,T,113,113,,T,A,,,T113A,,,0.861878815,,,,P51580
TPMT,A,T,113,113,,T,D,,,T113D,,,1.130837446,,,,P51580
TPMT,A,T,113,113,,T,E,,,T113E,,,1.112126367,,,,P51580
TPMT,A,T,113,113,,T,F,,,T113F,,,0.898966171,,,,P51580
TPMT,A,T,113,113,,T,G,,,T113G,,,1.036127664,,,,P51580
TPMT,A,T,113,113,,T,I,,,T113I,,,0.818653591,,,,P51580
TPMT,A,T,113,113,,T,K,,,T113K,,,0.974904095,,,,P51580
TPMT,A,T,113,113,,T,L,,,T113L,,,0.869994998,,,,P51580
TPMT,A,T,113,113,,T,M,,,T113M,,,1.150230718,,,,P51580
TPMT,A,T,113,113,,T,N,,,T113N,,,0.894723476,,,,P51580
TPMT,A,T,113,113,,T,P,,,T113P,,,1.274632116,,,,P51580
TPMT,A,T,113,113,,T,Q,,,T113Q,,,0.969893966,,,,P51580
TPMT,A,T,113,113,,T,R,,,T113R,,,0.713113084,,,,P51580
TPMT,A,T,113,113,,T,S,,,T113S,,,1.094783885,,,,P51580
TPMT,A,T,113,113,,T,V,,,T113V,,,0.969772389,,,,P51580
TPMT,A,T,113,113,,T,W,,,T113W,,,1.025587385,,,,P51580
TPMT,A,E,114,114,,E,A,,,E114A,,,1.168822748,,,,P51580
TPMT,A,E,114,114,,E,C,,,E114C,,,1.05947734,,,,P51580
TPMT,A,E,114,114,,E,D,,,E114D,,,0.845477309,,,,P51580
TPMT,A,E,114,114,,E,F,,,E114F,,,0.905575912,,,,P51580
TPMT,A,E,114,114,,E,G,,,E114G,,,0.956793965,,,,P51580
TPMT,A,E,114,114,,E,H,,,E114H,,,0.808031475,,,,P51580
TPMT,A,E,114,114,,E,I,,,E114I,,,0.371802603,,,,P51580
TPMT,A,E,114,114,,E,L,,,E114L,,,0.779738738,,,,P51580
TPMT,A,E,114,114,,E,M,,,E114M,,,0.910769868,,,,P51580
TPMT,A,E,114,114,,E,Q,,,E114Q,,,0.875004863,,,,P51580
TPMT,A,E,114,114,,E,R,,,E114R,,,0.770886378,,,,P51580
TPMT,A,E,114,114,,E,S,,,E114S,,,0.901144435,,,,P51580
TPMT,A,E,114,114,,E,T,,,E114T,,,0.896645163,,,,P51580
TPMT,A,E,114,114,,E,V,,,E114V,,,1.032962623,,,,P51580
TPMT,A,E,114,114,,E,W,,,E114W,,,0.754397222,,,,P51580
TPMT,A,E,114,114,,E,Y,,,E114Y,,,0.846879977,,,,P51580
TPMT,A,I,115,115,,I,G,,,I115G,,,0.744805387,,,,P51580
TPMT,A,I,115,115,,I,K,,,I115K,,,0.994158339,,,,P51580
TPMT,A,I,115,115,,I,M,,,I115M,,,0.971562615,,,,P51580
TPMT,A,I,115,115,,I,R,,,I115R,,,0.721424943,,,,P51580
TPMT,A,P,116,116,,P,A,,,P116A,,,0.840529976,,,,P51580
TPMT,A,P,116,116,,P,D,,,P116D,,,1.043050688,,,,P51580
TPMT,A,P,116,116,,P,E,,,P116E,,,0.951145625,,,,P51580
TPMT,A,P,116,116,,P,G,,,P116G,,,0.768779401,,,,P51580
TPMT,A,P,116,116,,P,H,,,P116H,,,0.71934323,,,,P51580
TPMT,A,P,116,116,,P,K,,,P116K,,,0.517032496,,,,P51580
TPMT,A,P,116,116,,P,L,,,P116L,,,0.876496048,,,,P51580
TPMT,A,P,116,116,,P,M,,,P116M,,,0.891382552,,,,P51580
TPMT,A,P,116,116,,P,N,,,P116N,,,0.971259203,,,,P51580
TPMT,A,P,116,116,,P,R,,,P116R,,,0.887600564,,,,P51580
TPMT,A,P,116,116,,P,S,,,P116S,,,0.989720646,,,,P51580
TPMT,A,P,116,116,,P,T,,,P116T,,,1.223649889,,,,P51580
TPMT,A,P,116,116,,P,V,,,P116V,,,0.996200342,,,,P51580
TPMT,A,P,116,116,,P,W,,,P116W,,,0.764011755,,,,P51580
TPMT,A,T,118,118,,T,A,,,T118A,,,1.140936832,,,,P51580
TPMT,A,T,118,118,,T,C,,,T118C,,,0.628900697,,,,P51580
TPMT,A,T,118,118,,T,E,,,T118E,,,0.950064235,,,,P51580
TPMT,A,T,118,118,,T,F,,,T118F,,,0.906717574,,,,P51580
TPMT,A,T,118,118,,T,G,,,T118G,,,1.096224876,,,,P51580
TPMT,A,T,118,118,,T,K,,,T118K,,,0.842103539,,,,P51580
TPMT,A,T,118,118,,T,L,,,T118L,,,0.705116155,,,,P51580
TPMT,A,T,118,118,,T,M,,,T118M,,,0.67800697,,,,P51580
TPMT,A,T,118,118,,T,P,,,T118P,,,0.832998779,,,,P51580
TPMT,A,T,118,118,,T,Q,,,T118Q,,,0.546415861,,,,P51580
TPMT,A,T,118,118,,T,R,,,T118R,,,0.953200276,,,,P51580
TPMT,A,T,118,118,,T,S,,,T118S,,,0.948676571,,,,P51580
TPMT,A,T,118,118,,T,V,,,T118V,,,1.12965371,,,,P51580
TPMT,A,T,118,118,,T,W,,,T118W,,,0.519803867,,,,P51580
TPMT,A,K,119,119,,K,A,,,K119A,,,0.944994267,,,,P51580
TPMT,A,K,119,119,,K,C,,,K119C,,,0.917029024,,,,P51580
TPMT,A,K,119,119,,K,E,,,K119E,,,0.349440672,,,,P51580
TPMT,A,K,119,119,,K,F,,,K119F,,,0.663464066,,,,P51580
TPMT,A,K,119,119,,K,G,,,K119G,,,0.430406639,,,,P51580
TPMT,A,K,119,119,,K,L,,,K119L,,,0.595956846,,,,P51580
TPMT,A,K,119,119,,K,M,,,K119M,,,0.699524139,,,,P51580
TPMT,A,K,119,119,,K,N,,,K119N,,,0.696945938,,,,P51580
TPMT,A,K,119,119,,K,P,,,K119P,,,0.444105095,,,,P51580
TPMT,A,K,119,119,,K,Q,,,K119Q,,,0.929163998,,,,P51580
TPMT,A,K,119,119,,K,R,,,K119R,,,0.842066374,,,,P51580
TPMT,A,K,119,119,,K,S,,,K119S,,,0.970031883,,,,P51580
TPMT,A,K,119,119,,K,T,,,K119T,,,0.915338703,,,,P51580
TPMT,A,K,119,119,,K,V,,,K119V,,,0.6244815,,,,P51580
TPMT,A,K,119,119,,K,W,,,K119W,,,0.720748379,,,,P51580
TPMT,A,K,119,119,,K,Y,,,K119Y,,,0.811960991,,,,P51580
TPMT,A,V,120,120,,V,A,,,V120A,,,0.913682319,,,,P51580
TPMT,A,V,120,120,,V,C,,,V120C,,,1.259432493,,,,P51580
TPMT,A,V,120,120,,V,D,,,V120D,,,0.116672494,,,,P51580
TPMT,A,V,120,120,,V,E,,,V120E,,,0.596231172,,,,P51580
TPMT,A,V,120,120,,V,F,,,V120F,,,0.932572418,,,,P51580
TPMT,A,V,120,120,,V,G,,,V120G,,,0.793020348,,,,P51580
TPMT,A,V,120,120,,V,I,,,V120I,,,0.989347287,,,,P51580
TPMT,A,V,120,120,,V,L,,,V120L,,,0.905696609,,,,P51580
TPMT,A,V,120,120,,V,Q,,,V120Q,,,0.959791823,,,,P51580
TPMT,A,V,120,120,,V,R,,,V120R,,,0.781654543,,,,P51580
TPMT,A,V,120,120,,V,S,,,V120S,,,0.759107875,,,,P51580
TPMT,A,V,120,120,,V,T,,,V120T,,,0.764662436,,,,P51580
TPMT,A,V,120,120,,V,W,,,V120W,,,0.580246608,,,,P51580
TPMT,A,F,121,121,,F,A,,,F121A,,,0.81438532,,,,P51580
TPMT,A,F,121,121,,F,C,,,F121C,,,0.796067213,,,,P51580
TPMT,A,F,121,121,,F,D,,,F121D,,,0.544928634,,,,P51580
TPMT,A,F,121,121,,F,E,,,F121E,,,-0.106920574,,,,P51580
TPMT,A,F,121,121,,F,G,,,F121G,,,0.07883834,,,,P51580
TPMT,A,F,121,121,,F,H,,,F121H,,,0.603383151,,,,P51580
TPMT,A,F,121,121,,F,I,,,F121I,,,0.731587935,,,,P51580
TPMT,A,F,121,121,,F,K,,,F121K,,,0.449930749,,,,P51580
TPMT,A,F,121,121,,F,L,,,F121L,,,0.921310748,,,,P51580
TPMT,A,F,121,121,,F,N,,,F121N,,,0.264314291,,,,P51580
TPMT,A,F,121,121,,F,R,,,F121R,,,0.297489579,,,,P51580
TPMT,A,F,121,121,,F,S,,,F121S,,,0.491717776,,,,P51580
TPMT,A,F,121,121,,F,T,,,F121T,,,0.312557528,,,,P51580
TPMT,A,F,121,121,,F,V,,,F121V,,,0.711940997,,,,P51580
TPMT,A,F,121,121,,F,W,,,F121W,,,0.738352179,,,,P51580
TPMT,A,F,121,121,,F,Y,,,F121Y,,,0.981538817,,,,P51580
TPMT,A,K,122,122,,K,A,,,K122A,,,0.692550407,,,,P51580
TPMT,A,K,122,122,,K,C,,,K122C,,,0.89648413,,,,P51580
TPMT,A,K,122,122,,K,D,,,K122D,,,0.213123217,,,,P51580
TPMT,A,K,122,122,,K,E,,,K122E,,,0.669344996,,,,P51580
TPMT,A,K,122,122,,K,F,,,K122F,,,0.751454109,,,,P51580
TPMT,A,K,122,122,,K,G,,,K122G,,,0.543955755,,,,P51580
TPMT,A,K,122,122,,K,H,,,K122H,,,0.360447282,,,,P51580
TPMT,A,K,122,122,,K,I,,,K122I,,,0.747634436,,,,P51580
TPMT,A,K,122,122,,K,L,,,K122L,,,0.726768777,,,,P51580
TPMT,A,K,122,122,,K,M,,,K122M,,,0.791324273,,,,P51580
TPMT,A,K,122,122,,K,N,,,K122N,,,0.735951299,,,,P51580
TPMT,A,K,122,122,,K,P,,,K122P,,,0.392513558,,,,P51580
TPMT,A,K,122,122,,K,Q,,,K122Q,,,1.000061191,,,,P51580
TPMT,A,K,122,122,,K,R,,,K122R,,,1.058331233,,,,P51580
TPMT,A,K,122,122,,K,S,,,K122S,,,1.000781554,,,,P51580
TPMT,A,K,122,122,,K,T,,,K122T,,,1.017246344,,,,P51580
TPMT,A,K,122,122,,K,V,,,K122V,,,1.011377446,,,,P51580
TPMT,A,K,122,122,,K,W,,,K122W,,,0.670667569,,,,P51580
TPMT,A,K,122,122,,K,Y,,,K122Y,,,0.969794043,,,,P51580
TPMT,A,S,123,123,,S,A,,,S123A,,,0.716747953,,,,P51580
TPMT,A,S,123,123,,S,E,,,S123E,,,1.218249907,,,,P51580
TPMT,A,S,123,123,,S,G,,,S123G,,,1.01720014,,,,P51580
TPMT,A,S,123,123,,S,L,,,S123L,,,0.281924796,,,,P51580
TPMT,A,S,123,123,,S,M,,,S123M,,,0.399751551,,,,P51580
TPMT,A,S,123,123,,S,P,,,S123P,,,0.715862509,,,,P51580
TPMT,A,S,123,123,,S,R,,,S123R,,,0.231682719,,,,P51580
TPMT,A,S,123,123,,S,V,,,S123V,,,0.53400069,,,,P51580
TPMT,A,S,123,123,,S,W,,,S123W,,,0.780082708,,,,P51580
TPMT,A,S,124,124,,S,A,,,S124A,,,0.928634875,,,,P51580
TPMT,A,S,124,124,,S,D,,,S124D,,,1.115312614,,,,P51580
TPMT,A,S,124,124,,S,E,,,S124E,,,0.847236608,,,,P51580
TPMT,A,S,124,124,,S,G,,,S124G,,,1.062825916,,,,P51580
TPMT,A,S,124,124,,S,H,,,S124H,,,0.73391489,,,,P51580
TPMT,A,S,124,124,,S,I,,,S124I,,,0.922302668,,,,P51580
TPMT,A,S,124,124,,S,K,,,S124K,,,1.12115753,,,,P51580
TPMT,A,S,124,124,,S,L,,,S124L,,,0.863929626,,,,P51580
TPMT,A,S,124,124,,S,N,,,S124N,,,0.802392599,,,,P51580
TPMT,A,S,124,124,,S,Q,,,S124Q,,,1.085332162,,,,P51580
TPMT,A,S,124,124,,S,R,,,S124R,,,0.742280704,,,,P51580
TPMT,A,S,124,124,,S,V,,,S124V,,,1.128643123,,,,P51580
TPMT,A,S,124,124,,S,W,,,S124W,,,0.947301658,,,,P51580
TPMT,A,S,124,124,,S,Y,,,S124Y,,,1.134365051,,,,P51580
TPMT,A,S,125,125,,S,A,,,S125A,,,0.886197774,,,,P51580
TPMT,A,S,125,125,,S,C,,,S125C,,,1.09633655,,,,P51580
TPMT,A,S,125,125,,S,E,,,S125E,,,0.955784353,,,,P51580
TPMT,A,S,125,125,,S,G,,,S125G,,,0.748854025,,,,P51580
TPMT,A,S,125,125,,S,K,,,S125K,,,0.991476372,,,,P51580
TPMT,A,S,125,125,,S,L,,,S125L,,,1.066131649,,,,P51580
TPMT,A,S,125,125,,S,M,,,S125M,,,1.076603784,,,,P51580
TPMT,A,S,125,125,,S,Q,,,S125Q,,,0.789502158,,,,P51580
TPMT,A,S,125,125,,S,R,,,S125R,,,0.590529191,,,,P51580
TPMT,A,S,125,125,,S,T,,,S125T,,,1.033087238,,,,P51580
TPMT,A,S,125,125,,S,V,,,S125V,,,0.869420316,,,,P51580
TPMT,A,S,125,125,,S,W,,,S125W,,,0.80299915,,,,P51580
TPMT,A,G,126,126,,G,C,,,G126C,,,1.256205934,,,,P51580
TPMT,A,G,126,126,,G,E,,,G126E,,,0.960053927,,,,P51580
TPMT,A,G,126,126,,G,F,,,G126F,,,0.775589111,,,,P51580
TPMT,A,G,126,126,,G,R,,,G126R,,,0.711593152,,,,P51580
TPMT,A,G,126,126,,G,V,,,G126V,,,0.8238757,,,,P51580
TPMT,A,G,126,126,,G,W,,,G126W,,,0.550040049,,,,P51580
TPMT,A,G,126,126,,G,Y,,,G126Y,,,0.93023416,,,,P51580
TPMT,A,N,127,127,,N,A,,,N127A,,,0.818827156,,,,P51580
TPMT,A,N,127,127,,N,C,,,N127C,,,0.780115149,,,,P51580
TPMT,A,N,127,127,,N,E,,,N127E,,,1.103564264,,,,P51580
TPMT,A,N,127,127,,N,F,,,N127F,,,0.809016792,,,,P51580
TPMT,A,N,127,127,,N,G,,,N127G,,,0.80349744,,,,P51580
TPMT,A,N,127,127,,N,I,,,N127I,,,0.672042073,,,,P51580
TPMT,A,N,127,127,,N,L,,,N127L,,,1.030069718,,,,P51580
TPMT,A,N,127,127,,N,R,,,N127R,,,1.049582384,,,,P51580
TPMT,A,N,127,127,,N,S,,,N127S,,,1.175030895,,,,P51580
TPMT,A,N,127,127,,N,V,,,N127V,,,0.897947641,,,,P51580
TPMT,A,N,127,127,,N,Y,,,N127Y,,,0.728254356,,,,P51580
TPMT,A,I,128,128,,I,A,,,I128A,,,0.375039417,,,,P51580
TPMT,A,I,128,128,,I,C,,,I128C,,,0.645564891,,,,P51580
TPMT,A,I,128,128,,I,D,,,I128D,,,-0.11824456,,,,P51580
TPMT,A,I,128,128,,I,E,,,I128E,,,0.266936575,,,,P51580
TPMT,A,I,128,128,,I,F,,,I128F,,,0.630057976,,,,P51580
TPMT,A,I,128,128,,I,G,,,I128G,,,0.09465142,,,,P51580
TPMT,A,I,128,128,,I,H,,,I128H,,,0.306151294,,,,P51580
TPMT,A,I,128,128,,I,K,,,I128K,,,-0.273065081,,,,P51580
TPMT,A,I,128,128,,I,L,,,I128L,,,1.001236089,,,,P51580
TPMT,A,I,128,128,,I,M,,,I128M,,,0.646383468,,,,P51580
TPMT,A,I,128,128,,I,N,,,I128N,,,0.025817234,,,,P51580
TPMT,A,I,128,128,,I,P,,,I128P,,,0.368677991,,,,P51580
TPMT,A,I,128,128,,I,Q,,,I128Q,,,0.100427693,,,,P51580
TPMT,A,I,128,128,,I,R,,,I128R,,,0.093658873,,,,P51580
TPMT,A,I,128,128,,I,S,,,I128S,,,-0.169597841,,,,P51580
TPMT,A,I,128,128,,I,T,,,I128T,,,0.385452933,,,,P51580
TPMT,A,I,128,128,,I,V,,,I128V,,,0.868229404,,,,P51580
TPMT,A,I,128,128,,I,W,,,I128W,,,0.158577552,,,,P51580
TPMT,A,I,128,128,,I,Y,,,I128Y,,,0.646725773,,,,P51580
TPMT,A,S,129,129,,S,A,,,S129A,,,1.156592435,,,,P51580
TPMT,A,S,129,129,,S,C,,,S129C,,,0.681387186,,,,P51580
TPMT,A,S,129,129,,S,D,,,S129D,,,0.718138869,,,,P51580
TPMT,A,S,129,129,,S,E,,,S129E,,,0.818964127,,,,P51580
TPMT,A,S,129,129,,S,F,,,S129F,,,0.907779222,,,,P51580
TPMT,A,S,129,129,,S,G,,,S129G,,,0.641889078,,,,P51580
TPMT,A,S,129,129,,S,H,,,S129H,,,1.342742532,,,,P51580
TPMT,A,S,129,129,,S,I,,,S129I,,,1.07532587,,,,P51580
TPMT,A,S,129,129,,S,K,,,S129K,,,1.223054373,,,,P51580
TPMT,A,S,129,129,,S,L,,,S129L,,,0.846062299,,,,P51580
TPMT,A,S,129,129,,S,M,,,S129M,,,0.991967608,,,,P51580
TPMT,A,S,129,129,,S,N,,,S129N,,,0.988729142,,,,P51580
TPMT,A,S,129,129,,S,P,,,S129P,,,0.093080554,,,,P51580
TPMT,A,S,129,129,,S,R,,,S129R,,,0.935564909,,,,P51580
TPMT,A,S,129,129,,S,V,,,S129V,,,0.746331907,,,,P51580
TPMT,A,S,129,129,,S,W,,,S129W,,,0.991146142,,,,P51580
TPMT,A,L,130,130,,L,A,,,L130A,,,0.564963796,,,,P51580
TPMT,A,L,130,130,,L,D,,,L130D,,,-0.000925445,,,,P51580
TPMT,A,L,130,130,,L,E,,,L130E,,,-0.261890101,,,,P51580
TPMT,A,L,130,130,,L,F,,,L130F,,,0.760631415,,,,P51580
TPMT,A,L,130,130,,L,G,,,L130G,,,0.035890677,,,,P51580
TPMT,A,L,130,130,,L,H,,,L130H,,,1.101514421,,,,P51580
TPMT,A,L,130,130,,L,I,,,L130I,,,0.97083313,,,,P51580
TPMT,A,L,130,130,,L,K,,,L130K,,,0.050912693,,,,P51580
TPMT,A,L,130,130,,L,M,,,L130M,,,1.024548309,,,,P51580
TPMT,A,L,130,130,,L,P,,,L130P,,,0.299418706,,,,P51580
TPMT,A,L,130,130,,L,R,,,L130R,,,0.091115029,,,,P51580
TPMT,A,L,130,130,,L,S,,,L130S,,,0.167772335,,,,P51580
TPMT,A,L,130,130,,L,T,,,L130T,,,0.487403542,,,,P51580
TPMT,A,L,130,130,,L,V,,,L130V,,,1.062065534,,,,P51580
TPMT,A,L,130,130,,L,W,,,L130W,,,0.368159594,,,,P51580
TPMT,A,Y,131,131,,Y,A,,,Y131A,,,0.4518411,,,,P51580
TPMT,A,Y,131,131,,Y,C,,,Y131C,,,0.986025702,,,,P51580
TPMT,A,Y,131,131,,Y,E,,,Y131E,,,-0.179492702,,,,P51580
TPMT,A,Y,131,131,,Y,G,,,Y131G,,,0.010985112,,,,P51580
TPMT,A,Y,131,131,,Y,K,,,Y131K,,,0.046000644,,,,P51580
TPMT,A,Y,131,131,,Y,L,,,Y131L,,,0.857082744,,,,P51580
TPMT,A,Y,131,131,,Y,M,,,Y131M,,,0.917765366,,,,P51580
TPMT,A,Y,131,131,,Y,P,,,Y131P,,,-0.054902038,,,,P51580
TPMT,A,Y,131,131,,Y,R,,,Y131R,,,0.188737262,,,,P51580
TPMT,A,Y,131,131,,Y,S,,,Y131S,,,0.082937003,,,,P51580
TPMT,A,Y,131,131,,Y,T,,,Y131T,,,0.276374345,,,,P51580
TPMT,A,Y,131,131,,Y,V,,,Y131V,,,0.619357109,,,,P51580
TPMT,A,Y,131,131,,Y,W,,,Y131W,,,0.800540488,,,,P51580
TPMT,A,C,132,132,,C,A,,,C132A,,,1.146027654,,,,P51580
TPMT,A,C,132,132,,C,D,,,C132D,,,0.578713025,,,,P51580
TPMT,A,C,132,132,,C,F,,,C132F,,,0.350017435,,,,P51580
TPMT,A,C,132,132,,C,G,,,C132G,,,0.828066111,,,,P51580
TPMT,A,C,132,132,,C,L,,,C132L,,,0.716392999,,,,P51580
TPMT,A,C,132,132,,C,Q,,,C132Q,,,1.207463496,,,,P51580
TPMT,A,C,132,132,,C,R,,,C132R,,,0.974672988,,,,P51580
TPMT,A,C,132,132,,C,S,,,C132S,,,0.766152105,,,,P51580
TPMT,A,C,132,132,,C,V,,,C132V,,,0.704124558,,,,P51580
TPMT,A,C,132,132,,C,W,,,C132W,,,0.755382804,,,,P51580
TPMT,A,C,132,132,,C,Y,,,C132Y,,,0.538692721,,,,P51580
TPMT,A,C,133,133,,C,A,,,C133A,,,1.026355745,,,,P51580
TPMT,A,C,133,133,,C,D,,,C133D,,,-0.157756468,,,,P51580
TPMT,A,C,133,133,,C,E,,,C133E,,,0.119256404,,,,P51580
TPMT,A,C,133,133,,C,F,,,C133F,,,0.612960816,,,,P51580
TPMT,A,C,133,133,,C,G,,,C133G,,,0.800145504,,,,P51580
TPMT,A,C,133,133,,C,H,,,C133H,,,0.754607023,,,,P51580
TPMT,A,C,133,133,,C,I,,,C133I,,,1.106380809,,,,P51580
TPMT,A,C,133,133,,C,K,,,C133K,,,-0.062429676,,,,P51580
TPMT,A,C,133,133,,C,L,,,C133L,,,0.947727639,,,,P51580
TPMT,A,C,133,133,,C,M,,,C133M,,,0.874885086,,,,P51580
TPMT,A,C,133,133,,C,N,,,C133N,,,0.193285409,,,,P51580
TPMT,A,C,133,133,,C,Q,,,C133Q,,,0.470506092,,,,P51580
TPMT,A,C,133,133,,C,R,,,C133R,,,0.085032739,,,,P51580
TPMT,A,C,133,133,,C,S,,,C133S,,,0.9217941,,,,P51580
TPMT,A,C,133,133,,C,T,,,C133T,,,1.033244273,,,,P51580
TPMT,A,C,133,133,,C,V,,,C133V,,,0.862478926,,,,P51580
TPMT,A,C,133,133,,C,W,,,C133W,,,-0.001898209,,,,P51580
TPMT,A,C,133,133,,C,Y,,,C133Y,,,-0.202804968,,,,P51580
TPMT,A,S,134,134,,S,A,,,S134A,,,0.773159677,,,,P51580
TPMT,A,S,134,134,,S,C,,,S134C,,,1.055655899,,,,P51580
TPMT,A,S,134,134,,S,D,,,S134D,,,1.064718315,,,,P51580
TPMT,A,S,134,134,,S,E,,,S134E,,,0.713916305,,,,P51580
TPMT,A,S,134,134,,S,F,,,S134F,,,0.41242227,,,,P51580
TPMT,A,S,134,134,,S,G,,,S134G,,,0.73723392,,,,P51580
TPMT,A,S,134,134,,S,H,,,S134H,,,0.96787766,,,,P51580
TPMT,A,S,134,134,,S,K,,,S134K,,,0.901393006,,,,P51580
TPMT,A,S,134,134,,S,L,,,S134L,,,0.171788785,,,,P51580
TPMT,A,S,134,134,,S,M,,,S134M,,,0.55985799,,,,P51580
TPMT,A,S,134,134,,S,N,,,S134N,,,1.03220524,,,,P51580
TPMT,A,S,134,134,,S,P,,,S134P,,,0.880341537,,,,P51580
TPMT,A,S,134,134,,S,R,,,S134R,,,0.894461333,,,,P51580
TPMT,A,S,134,134,,S,T,,,S134T,,,0.852654842,,,,P51580
TPMT,A,S,134,134,,S,V,,,S134V,,,0.12272882,,,,P51580
TPMT,A,S,134,134,,S,W,,,S134W,,,0.555587721,,,,P51580
TPMT,A,S,134,134,,S,Y,,,S134Y,,,0.353666824,,,,P51580
TPMT,A,I,135,135,,I,A,,,I135A,,,0.692114051,,,,P51580
TPMT,A,I,135,135,,I,C,,,I135C,,,0.707089979,,,,P51580
TPMT,A,I,135,135,,I,D,,,I135D,,,0.061453416,,,,P51580
TPMT,A,I,135,135,,I,E,,,I135E,,,0.02704573,,,,P51580
TPMT,A,I,135,135,,I,F,,,I135F,,,0.335725001,,,,P51580
TPMT,A,I,135,135,,I,G,,,I135G,,,-0.083113949,,,,P51580
TPMT,A,I,135,135,,I,H,,,I135H,,,0.64724927,,,,P51580
TPMT,A,I,135,135,,I,K,,,I135K,,,0.32953861,,,,P51580
TPMT,A,I,135,135,,I,L,,,I135L,,,1.164118759,,,,P51580
TPMT,A,I,135,135,,I,M,,,I135M,,,0.983485051,,,,P51580
TPMT,A,I,135,135,,I,P,,,I135P,,,0.490969594,,,,P51580
TPMT,A,I,135,135,,I,Q,,,I135Q,,,0.264425528,,,,P51580
TPMT,A,I,135,135,,I,R,,,I135R,,,-0.017156179,,,,P51580
TPMT,A,I,135,135,,I,S,,,I135S,,,0.101899021,,,,P51580
TPMT,A,I,135,135,,I,T,,,I135T,,,0.484137915,,,,P51580
TPMT,A,I,135,135,,I,V,,,I135V,,,0.985543743,,,,P51580
TPMT,A,I,135,135,,I,W,,,I135W,,,0.8886698,,,,P51580
TPMT,A,I,135,135,,I,Y,,,I135Y,,,1.216978612,,,,P51580
TPMT,A,F,136,136,,F,A,,,F136A,,,0.726361908,,,,P51580
TPMT,A,F,136,136,,F,D,,,F136D,,,0.835939278,,,,P51580
TPMT,A,F,136,136,,F,E,,,F136E,,,0.519869424,,,,P51580
TPMT,A,F,136,136,,F,G,,,F136G,,,0.696350409,,,,P51580
TPMT,A,F,136,136,,F,H,,,F136H,,,1.307561615,,,,P51580
TPMT,A,F,136,136,,F,K,,,F136K,,,0.895599622,,,,P51580
TPMT,A,F,136,136,,F,L,,,F136L,,,0.80881752,,,,P51580
TPMT,A,F,136,136,,F,M,,,F136M,,,0.687693627,,,,P51580
TPMT,A,F,136,136,,F,Q,,,F136Q,,,0.504446476,,,,P51580
TPMT,A,F,136,136,,F,R,,,F136R,,,0.790098557,,,,P51580
TPMT,A,F,136,136,,F,S,,,F136S,,,0.637175094,,,,P51580
TPMT,A,F,136,136,,F,V,,,F136V,,,0.710732875,,,,P51580
TPMT,A,F,136,136,,F,W,,,F136W,,,1.005387465,,,,P51580
TPMT,A,D,137,137,,D,G,,,D137G,,,0.780230942,,,,P51580
TPMT,A,D,137,137,,D,L,,,D137L,,,0.785772718,,,,P51580
TPMT,A,D,137,137,,D,R,,,D137R,,,0.756619107,,,,P51580
TPMT,A,D,137,137,,D,V,,,D137V,,,0.494405015,,,,P51580
TPMT,A,L,138,138,,L,E,,,L138E,,,0.550336879,,,,P51580
TPMT,A,L,138,138,,L,F,,,L138F,,,0.76438714,,,,P51580
TPMT,A,L,138,138,,L,G,,,L138G,,,0.168676758,,,,P51580
TPMT,A,L,138,138,,L,K,,,L138K,,,0.096557044,,,,P51580
TPMT,A,L,138,138,,L,P,,,L138P,,,0.362693076,,,,P51580
TPMT,A,L,138,138,,L,R,,,L138R,,,-0.029813775,,,,P51580
TPMT,A,L,138,138,,L,S,,,L138S,,,0.616016401,,,,P51580
TPMT,A,L,138,138,,L,T,,,L138T,,,0.556461023,,,,P51580
TPMT,A,L,138,138,,L,V,,,L138V,,,1.136389046,,,,P51580
TPMT,A,L,138,138,,L,W,,,L138W,,,0.66935058,,,,P51580
TPMT,A,P,139,139,,P,A,,,P139A,,,0.972804444,,,,P51580
TPMT,A,P,139,139,,P,C,,,P139C,,,0.535397509,,,,P51580
TPMT,A,P,139,139,,P,E,,,P139E,,,0.936451063,,,,P51580
TPMT,A,P,139,139,,P,F,,,P139F,,,1.007008204,,,,P51580
TPMT,A,P,139,139,,P,G,,,P139G,,,0.950507626,,,,P51580
TPMT,A,P,139,139,,P,H,,,P139H,,,0.555326694,,,,P51580
TPMT,A,P,139,139,,P,L,,,P139L,,,0.721399214,,,,P51580
TPMT,A,P,139,139,,P,M,,,P139M,,,0.961774994,,,,P51580
TPMT,A,P,139,139,,P,Q,,,P139Q,,,1.275603381,,,,P51580
TPMT,A,P,139,139,,P,R,,,P139R,,,1.010329022,,,,P51580
TPMT,A,P,139,139,,P,S,,,P139S,,,0.889854844,,,,P51580
TPMT,A,P,139,139,,P,T,,,P139T,,,1.165985622,,,,P51580
TPMT,A,P,139,139,,P,V,,,P139V,,,0.960981553,,,,P51580
TPMT,A,P,139,139,,P,W,,,P139W,,,0.920044046,,,,P51580
TPMT,A,P,139,139,,P,Y,,,P139Y,,,0.637637363,,,,P51580
TPMT,A,R,140,140,,R,A,,,R140A,,,0.450437426,,,,P51580
TPMT,A,R,140,140,,R,E,,,R140E,,,0.871111046,,,,P51580
TPMT,A,R,140,140,,R,F,,,R140F,,,0.5115771,,,,P51580
TPMT,A,R,140,140,,R,G,,,R140G,,,0.947470207,,,,P51580
TPMT,A,R,140,140,,R,I,,,R140I,,,1.249644197,,,,P51580
TPMT,A,R,140,140,,R,K,,,R140K,,,1.020378412,,,,P51580
TPMT,A,R,140,140,,R,L,,,R140L,,,1.080458022,,,,P51580
TPMT,A,R,140,140,,R,M,,,R140M,,,0.73085659,,,,P51580
TPMT,A,R,140,140,,R,P,,,R140P,,,0.66267278,,,,P51580
TPMT,A,R,140,140,,R,Q,,,R140Q,,,0.901489645,,,,P51580
TPMT,A,R,140,140,,R,S,,,R140S,,,0.730535264,,,,P51580
TPMT,A,R,140,140,,R,T,,,R140T,,,0.873174259,,,,P51580
TPMT,A,R,140,140,,R,V,,,R140V,,,0.957394831,,,,P51580
TPMT,A,R,140,140,,R,W,,,R140W,,,0.871563223,,,,P51580
TPMT,A,R,140,140,,R,Y,,,R140Y,,,0.95894256,,,,P51580
TPMT,A,T,141,141,,T,A,,,T141A,,,0.892374849,,,,P51580
TPMT,A,T,141,141,,T,C,,,T141C,,,0.772390044,,,,P51580
TPMT,A,T,141,141,,T,D,,,T141D,,,0.708252586,,,,P51580
TPMT,A,T,141,141,,T,E,,,T141E,,,0.573083464,,,,P51580
TPMT,A,T,141,141,,T,F,,,T141F,,,1.049974592,,,,P51580
TPMT,A,T,141,141,,T,G,,,T141G,,,0.881238173,,,,P51580
TPMT,A,T,141,141,,T,I,,,T141I,,,0.934152664,,,,P51580
TPMT,A,T,141,141,,T,K,,,T141K,,,1.025888009,,,,P51580
TPMT,A,T,141,141,,T,L,,,T141L,,,0.947541155,,,,P51580
TPMT,A,T,141,141,,T,M,,,T141M,,,1.083269223,,,,P51580
TPMT,A,T,141,141,,T,P,,,T141P,,,0.771557018,,,,P51580
TPMT,A,T,141,141,,T,Q,,,T141Q,,,0.97067713,,,,P51580
TPMT,A,T,141,141,,T,R,,,T141R,,,0.727758732,,,,P51580
TPMT,A,T,141,141,,T,S,,,T141S,,,0.825047772,,,,P51580
TPMT,A,T,141,141,,T,V,,,T141V,,,1.042175882,,,,P51580
TPMT,A,T,141,141,,T,W,,,T141W,,,0.819453898,,,,P51580
TPMT,A,N,142,142,,N,A,,,N142A,,,0.933266921,,,,P51580
TPMT,A,N,142,142,,N,C,,,N142C,,,1.064365574,,,,P51580
TPMT,A,N,142,142,,N,D,,,N142D,,,0.916031645,,,,P51580
TPMT,A,N,142,142,,N,E,,,N142E,,,0.787499123,,,,P51580
TPMT,A,N,142,142,,N,F,,,N142F,,,0.765405698,,,,P51580
TPMT,A,N,142,142,,N,G,,,N142G,,,0.9665155,,,,P51580
TPMT,A,N,142,142,,N,H,,,N142H,,,0.96854473,,,,P51580
TPMT,A,N,142,142,,N,I,,,N142I,,,0.989994871,,,,P51580
TPMT,A,N,142,142,,N,K,,,N142K,,,0.615921727,,,,P51580
TPMT,A,N,142,142,,N,L,,,N142L,,,0.832911951,,,,P51580
TPMT,A,N,142,142,,N,P,,,N142P,,,1.041081058,,,,P51580
TPMT,A,N,142,142,,N,Q,,,N142Q,,,1.150056308,,,,P51580
TPMT,A,N,142,142,,N,R,,,N142R,,,1.047204083,,,,P51580
TPMT,A,N,142,142,,N,S,,,N142S,,,0.864645155,,,,P51580
TPMT,A,N,142,142,,N,T,,,N142T,,,1.096719907,,,,P51580
TPMT,A,N,142,142,,N,V,,,N142V,,,1.070518133,,,,P51580
TPMT,A,N,142,142,,N,W,,,N142W,,,0.85381303,,,,P51580
TPMT,A,N,142,142,,N,Y,,,N142Y,,,1.038018986,,,,P51580
TPMT,A,I,143,143,,I,A,,,I143A,,,0.264035625,,,,P51580
TPMT,A,I,143,143,,I,C,,,I143C,,,1.325081184,,,,P51580
TPMT,A,I,143,143,,I,E,,,I143E,,,0.991630624,,,,P51580
TPMT,A,I,143,143,,I,F,,,I143F,,,1.349617284,,,,P51580
TPMT,A,I,143,143,,I,G,,,I143G,,,0.344440574,,,,P51580
TPMT,A,I,143,143,,I,H,,,I143H,,,0.885219524,,,,P51580
TPMT,A,I,143,143,,I,L,,,I143L,,,1.050087788,,,,P51580
TPMT,A,I,143,143,,I,M,,,I143M,,,0.898098639,,,,P51580
TPMT,A,I,143,143,,I,P,,,I143P,,,0.933125773,,,,P51580
TPMT,A,I,143,143,,I,Q,,,I143Q,,,0.581159451,,,,P51580
TPMT,A,I,143,143,,I,R,,,I143R,,,0.383881689,,,,P51580
TPMT,A,I,143,143,,I,S,,,I143S,,,0.926744493,,,,P51580
TPMT,A,I,143,143,,I,T,,,I143T,,,0.621153675,,,,P51580
TPMT,A,I,143,143,,I,V,,,I143V,,,1.04621334,,,,P51580
TPMT,A,I,143,143,,I,W,,,I143W,,,0.647982112,,,,P51580
TPMT,A,G,144,144,,G,A,,,G144A,,,0.790143937,,,,P51580
TPMT,A,G,144,144,,G,E,,,G144E,,,0.844154937,,,,P51580
TPMT,A,G,144,144,,G,H,,,G144H,,,0.758810025,,,,P51580
TPMT,A,G,144,144,,G,I,,,G144I,,,1.246365705,,,,P51580
TPMT,A,G,144,144,,G,L,,,G144L,,,0.892006099,,,,P51580
TPMT,A,G,144,144,,G,M,,,G144M,,,1.018123954,,,,P51580
TPMT,A,G,144,144,,G,N,,,G144N,,,0.718796595,,,,P51580
TPMT,A,G,144,144,,G,P,,,G144P,,,0.990503443,,,,P51580
TPMT,A,G,144,144,,G,R,,,G144R,,,0.682784699,,,,P51580
TPMT,A,G,144,144,,G,S,,,G144S,,,0.859493228,,,,P51580
TPMT,A,G,144,144,,G,V,,,G144V,,,0.6764533,,,,P51580
TPMT,A,G,144,144,,G,W,,,G144W,,,0.753258114,,,,P51580
TPMT,A,G,144,144,,G,Y,,,G144Y,,,0.570130178,,,,P51580
TPMT,A,K,145,145,,K,A,,,K145A,,,0.627774757,,,,P51580
TPMT,A,K,145,145,,K,C,,,K145C,,,0.843657705,,,,P51580
TPMT,A,K,145,145,,K,E,,,K145E,,,0.454558317,,,,P51580
TPMT,A,K,145,145,,K,G,,,K145G,,,0.921496669,,,,P51580
TPMT,A,K,145,145,,K,I,,,K145I,,,1.157616434,,,,P51580
TPMT,A,K,145,145,,K,L,,,K145L,,,0.92875589,,,,P51580
TPMT,A,K,145,145,,K,M,,,K145M,,,0.943173436,,,,P51580
TPMT,A,K,145,145,,K,P,,,K145P,,,0.784766899,,,,P51580
TPMT,A,K,145,145,,K,Q,,,K145Q,,,0.72559194,,,,P51580
TPMT,A,K,145,145,,K,R,,,K145R,,,0.618206482,,,,P51580
TPMT,A,K,145,145,,K,S,,,K145S,,,1.270945465,,,,P51580
TPMT,A,K,145,145,,K,T,,,K145T,,,1.00058743,,,,P51580
TPMT,A,K,145,145,,K,V,,,K145V,,,0.957685452,,,,P51580
TPMT,A,K,145,145,,K,W,,,K145W,,,0.541804057,,,,P51580
TPMT,A,K,145,145,,K,Y,,,K145Y,,,1.0301149,,,,P51580
TPMT,A,F,146,146,,F,A,,,F146A,,,0.46965086,,,,P51580
TPMT,A,F,146,146,,F,E,,,F146E,,,0.041063041,,,,P51580
TPMT,A,F,146,146,,F,G,,,F146G,,,0.009170906,,,,P51580
TPMT,A,F,146,146,,F,K,,,F146K,,,0.171733096,,,,P51580
TPMT,A,F,146,146,,F,L,,,F146L,,,0.723765205,,,,P51580
TPMT,A,F,146,146,,F,M,,,F146M,,,0.692513883,,,,P51580
TPMT,A,F,146,146,,F,N,,,F146N,,,0.361125971,,,,P51580
TPMT,A,F,146,146,,F,Q,,,F146Q,,,0.72300322,,,,P51580
TPMT,A,F,146,146,,F,R,,,F146R,,,-0.053790382,,,,P51580
TPMT,A,F,146,146,,F,S,,,F146S,,,0.008644575,,,,P51580
TPMT,A,F,146,146,,F,T,,,F146T,,,0.223103757,,,,P51580
TPMT,A,F,146,146,,F,V,,,F146V,,,0.702571277,,,,P51580
TPMT,A,F,146,146,,F,W,,,F146W,,,-0.135869344,,,,P51580
TPMT,A,D,147,147,,D,A,,,D147A,,,0.514594487,,,,P51580
TPMT,A,D,147,147,,D,E,,,D147E,,,0.754938315,,,,P51580
TPMT,A,D,147,147,,D,G,,,D147G,,,0.376584895,,,,P51580
TPMT,A,D,147,147,,D,I,,,D147I,,,-0.294541475,,,,P51580
TPMT,A,D,147,147,,D,K,,,D147K,,,-0.049967017,,,,P51580
TPMT,A,D,147,147,,D,L,,,D147L,,,0.18387711,,,,P51580
TPMT,A,D,147,147,,D,M,,,D147M,,,0.377623556,,,,P51580
TPMT,A,D,147,147,,D,P,,,D147P,,,-0.059790421,,,,P51580
TPMT,A,D,147,147,,D,Q,,,D147Q,,,0.665420142,,,,P51580
TPMT,A,D,147,147,,D,R,,,D147R,,,0.345968912,,,,P51580
TPMT,A,D,147,147,,D,S,,,D147S,,,0.686408171,,,,P51580
TPMT,A,D,147,147,,D,T,,,D147T,,,0.510655253,,,,P51580
TPMT,A,D,147,147,,D,V,,,D147V,,,0.182525086,,,,P51580
TPMT,A,D,147,147,,D,W,,,D147W,,,0.097347361,,,,P51580
TPMT,A,M,148,148,,M,A,,,M148A,,,0.963659381,,,,P51580
TPMT,A,M,148,148,,M,E,,,M148E,,,0.125275661,,,,P51580
TPMT,A,M,148,148,,M,F,,,M148F,,,1.164266639,,,,P51580
TPMT,A,M,148,148,,M,G,,,M148G,,,0.581217738,,,,P51580
TPMT,A,M,148,148,,M,H,,,M148H,,,0.903726934,,,,P51580
TPMT,A,M,148,148,,M,I,,,M148I,,,0.758138765,,,,P51580
TPMT,A,M,148,148,,M,K,,,M148K,,,0.220602588,,,,P51580
TPMT,A,M,148,148,,M,L,,,M148L,,,1.1104442,,,,P51580
TPMT,A,M,148,148,,M,N,,,M148N,,,0.233701564,,,,P51580
TPMT,A,M,148,148,,M,Q,,,M148Q,,,0.472109093,,,,P51580
TPMT,A,M,148,148,,M,R,,,M148R,,,0.497596285,,,,P51580
TPMT,A,M,148,148,,M,S,,,M148S,,,0.521063472,,,,P51580
TPMT,A,M,148,148,,M,T,,,M148T,,,0.838227318,,,,P51580
TPMT,A,M,148,148,,M,V,,,M148V,,,1.300223204,,,,P51580
TPMT,A,M,148,148,,M,W,,,M148W,,,0.920907053,,,,P51580
TPMT,A,M,148,148,,M,Y,,,M148Y,,,1.100505208,,,,P51580
TPMT,A,I,149,149,,I,A,,,I149A,,,0.64957862,,,,P51580
TPMT,A,I,149,149,,I,C,,,I149C,,,1.046643336,,,,P51580
TPMT,A,I,149,149,,I,E,,,I149E,,,0.027959234,,,,P51580
TPMT,A,I,149,149,,I,G,,,I149G,,,0.278655861,,,,P51580
TPMT,A,I,149,149,,I,K,,,I149K,,,-0.06287086,,,,P51580
TPMT,A,I,149,149,,I,L,,,I149L,,,0.858095679,,,,P51580
TPMT,A,I,149,149,,I,M,,,I149M,,,0.90616389,,,,P51580
TPMT,A,I,149,149,,I,P,,,I149P,,,0.024567519,,,,P51580
TPMT,A,I,149,149,,I,Q,,,I149Q,,,0.261616138,,,,P51580
TPMT,A,I,149,149,,I,R,,,I149R,,,0.039835454,,,,P51580
TPMT,A,I,149,149,,I,S,,,I149S,,,0.667420542,,,,P51580
TPMT,A,I,149,149,,I,T,,,I149T,,,0.70050747,,,,P51580
TPMT,A,I,149,149,,I,V,,,I149V,,,0.892087117,,,,P51580
TPMT,A,I,149,149,,I,W,,,I149W,,,0.247015983,,,,P51580
TPMT,A,W,150,150,,W,A,,,W150A,,,0.441555147,,,,P51580
TPMT,A,W,150,150,,W,C,,,W150C,,,0.892401535,,,,P51580
TPMT,A,W,150,150,,W,D,,,W150D,,,0.083365181,,,,P51580
TPMT,A,W,150,150,,W,E,,,W150E,,,0.423739813,,,,P51580
TPMT,A,W,150,150,,W,F,,,W150F,,,0.888911373,,,,P51580
TPMT,A,W,150,150,,W,G,,,W150G,,,0.036760078,,,,P51580
TPMT,A,W,150,150,,W,K,,,W150K,,,0.058300986,,,,P51580
TPMT,A,W,150,150,,W,L,,,W150L,,,0.690757541,,,,P51580
TPMT,A,W,150,150,,W,M,,,W150M,,,0.678099262,,,,P51580
TPMT,A,W,150,150,,W,N,,,W150N,,,-0.015073689,,,,P51580
TPMT,A,W,150,150,,W,P,,,W150P,,,0.448977256,,,,P51580
TPMT,A,W,150,150,,W,Q,,,W150Q,,,0.026596555,,,,P51580
TPMT,A,W,150,150,,W,R,,,W150R,,,-0.049079688,,,,P51580
TPMT,A,W,150,150,,W,S,,,W150S,,,0.115540765,,,,P51580
TPMT,A,W,150,150,,W,T,,,W150T,,,0.048727541,,,,P51580
TPMT,A,W,150,150,,W,V,,,W150V,,,0.629570596,,,,P51580
TPMT,A,W,150,150,,W,Y,,,W150Y,,,0.870565465,,,,P51580
TPMT,A,D,151,151,,D,A,,,D151A,,,0.212874475,,,,P51580
TPMT,A,D,151,151,,D,C,,,D151C,,,-0.038191434,,,,P51580
TPMT,A,D,151,151,,D,E,,,D151E,,,0.272103019,,,,P51580
TPMT,A,D,151,151,,D,F,,,D151F,,,0.337016819,,,,P51580
TPMT,A,D,151,151,,D,G,,,D151G,,,-0.05538232,,,,P51580
TPMT,A,D,151,151,,D,I,,,D151I,,,-0.228645292,,,,P51580
TPMT,A,D,151,151,,D,K,,,D151K,,,-0.095721448,,,,P51580
TPMT,A,D,151,151,,D,L,,,D151L,,,0.0921672,,,,P51580
TPMT,A,D,151,151,,D,M,,,D151M,,,0.088606427,,,,P51580
TPMT,A,D,151,151,,D,P,,,D151P,,,0.083246848,,,,P51580
TPMT,A,D,151,151,,D,Q,,,D151Q,,,-0.282852699,,,,P51580
TPMT,A,D,151,151,,D,R,,,D151R,,,-0.005498626,,,,P51580
TPMT,A,D,151,151,,D,S,,,D151S,,,0.393361419,,,,P51580
TPMT,A,D,151,151,,D,T,,,D151T,,,-0.026035815,,,,P51580
TPMT,A,D,151,151,,D,V,,,D151V,,,0.11541621,,,,P51580
TPMT,A,D,151,151,,D,W,,,D151W,,,-0.047861834,,,,P51580
TPMT,A,D,151,151,,D,Y,,,D151Y,,,0.074918439,,,,P51580
TPMT,A,R,152,152,,R,A,,,R152A,,,0.923709825,,,,P51580
TPMT,A,R,152,152,,R,C,,,R152C,,,1.15602941,,,,P51580
TPMT,A,R,152,152,,R,E,,,R152E,,,0.512858538,,,,P51580
TPMT,A,R,152,152,,R,G,,,R152G,,,0.49622068,,,,P51580
TPMT,A,R,152,152,,R,K,,,R152K,,,1.080824764,,,,P51580
TPMT,A,R,152,152,,R,L,,,R152L,,,0.632212276,,,,P51580
TPMT,A,R,152,152,,R,M,,,R152M,,,0.881768289,,,,P51580
TPMT,A,R,152,152,,R,P,,,R152P,,,0.684887231,,,,P51580
TPMT,A,R,152,152,,R,Q,,,R152Q,,,1.309254472,,,,P51580
TPMT,A,R,152,152,,R,S,,,R152S,,,0.957682562,,,,P51580
TPMT,A,R,152,152,,R,T,,,R152T,,,0.972578267,,,,P51580
TPMT,A,R,152,152,,R,V,,,R152V,,,0.97685372,,,,P51580
TPMT,A,R,152,152,,R,W,,,R152W,,,0.630728147,,,,P51580
TPMT,A,G,153,153,,G,A,,,G153A,,,0.669705056,,,,P51580
TPMT,A,G,153,153,,G,C,,,G153C,,,0.840273287,,,,P51580
TPMT,A,G,153,153,,G,D,,,G153D,,,1.177984033,,,,P51580
TPMT,A,G,153,153,,G,E,,,G153E,,,0.798915107,,,,P51580
TPMT,A,G,153,153,,G,F,,,G153F,,,0.680960705,,,,P51580
TPMT,A,G,153,153,,G,I,,,G153I,,,0.511512755,,,,P51580
TPMT,A,G,153,153,,G,K,,,G153K,,,0.782350759,,,,P51580
TPMT,A,G,153,153,,G,L,,,G153L,,,0.984713227,,,,P51580
TPMT,A,G,153,153,,G,M,,,G153M,,,0.96740308,,,,P51580
TPMT,A,G,153,153,,G,N,,,G153N,,,0.953608332,,,,P51580
TPMT,A,G,153,153,,G,P,,,G153P,,,0.038080797,,,,P51580
TPMT,A,G,153,153,,G,Q,,,G153Q,,,0.615137279,,,,P51580
TPMT,A,G,153,153,,G,R,,,G153R,,,0.937921752,,,,P51580
TPMT,A,G,153,153,,G,S,,,G153S,,,0.902978977,,,,P51580
TPMT,A,G,153,153,,G,T,,,G153T,,,0.919674362,,,,P51580
TPMT,A,G,153,153,,G,V,,,G153V,,,0.614823037,,,,P51580
TPMT,A,G,153,153,,G,W,,,G153W,,,0.906072133,,,,P51580
TPMT,A,G,153,153,,G,Y,,,G153Y,,,0.602332387,,,,P51580
TPMT,A,A,154,154,,A,C,,,A154C,,,0.669113321,,,,P51580
TPMT,A,A,154,154,,A,D,,,A154D,,,-0.206361087,,,,P51580
TPMT,A,A,154,154,,A,E,,,A154E,,,-0.059694537,,,,P51580
TPMT,A,A,154,154,,A,F,,,A154F,,,0.27982033,,,,P51580
TPMT,A,A,154,154,,A,G,,,A154G,,,0.832984588,,,,P51580
TPMT,A,A,154,154,,A,H,,,A154H,,,0.105031553,,,,P51580
TPMT,A,A,154,154,,A,I,,,A154I,,,-0.02549506,,,,P51580
TPMT,A,A,154,154,,A,K,,,A154K,,,0.246254341,,,,P51580
TPMT,A,A,154,154,,A,L,,,A154L,,,0.663377878,,,,P51580
TPMT,A,A,154,154,,A,M,,,A154M,,,0.630249751,,,,P51580
TPMT,A,A,154,154,,A,N,,,A154N,,,0.056729147,,,,P51580
TPMT,A,A,154,154,,A,P,,,A154P,,,0.345290945,,,,P51580
TPMT,A,A,154,154,,A,Q,,,A154Q,,,0.405717121,,,,P51580
TPMT,A,A,154,154,,A,R,,,A154R,,,0.25284555,,,,P51580
TPMT,A,A,154,154,,A,S,,,A154S,,,0.857046895,,,,P51580
TPMT,A,A,154,154,,A,T,,,A154T,,,0.336867827,,,,P51580
TPMT,A,A,154,154,,A,V,,,A154V,,,0.286761243,,,,P51580
TPMT,A,A,154,154,,A,W,,,A154W,,,0.069930355,,,,P51580
TPMT,A,A,154,154,,A,Y,,,A154Y,,,0.498780579,,,,P51580
TPMT,A,L,155,155,,L,A,,,L155A,,,0.342358051,,,,P51580
TPMT,A,L,155,155,,L,C,,,L155C,,,0.683236628,,,,P51580
TPMT,A,L,155,155,,L,D,,,L155D,,,0.083493009,,,,P51580
TPMT,A,L,155,155,,L,E,,,L155E,,,0.499183297,,,,P51580
TPMT,A,L,155,155,,L,F,,,L155F,,,0.980188665,,,,P51580
TPMT,A,L,155,155,,L,G,,,L155G,,,0.00119479,,,,P51580
TPMT,A,L,155,155,,L,H,,,L155H,,,-0.236819245,,,,P51580
TPMT,A,L,155,155,,L,I,,,L155I,,,0.919833161,,,,P51580
TPMT,A,L,155,155,,L,K,,,L155K,,,-0.01225481,,,,P51580
TPMT,A,L,155,155,,L,M,,,L155M,,,1.047883264,,,,P51580
TPMT,A,L,155,155,,L,N,,,L155N,,,0.164062254,,,,P51580
TPMT,A,L,155,155,,L,Q,,,L155Q,,,-0.387965775,,,,P51580
TPMT,A,L,155,155,,L,R,,,L155R,,,0.072529955,,,,P51580
TPMT,A,L,155,155,,L,S,,,L155S,,,0.080643623,,,,P51580
TPMT,A,L,155,155,,L,T,,,L155T,,,1.131716663,,,,P51580
TPMT,A,L,155,155,,L,V,,,L155V,,,0.701643348,,,,P51580
TPMT,A,L,155,155,,L,W,,,L155W,,,0.613565232,,,,P51580
TPMT,A,L,155,155,,L,Y,,,L155Y,,,0.552976086,,,,P51580
TPMT,A,V,156,156,,V,A,,,V156A,,,0.789088055,,,,P51580
TPMT,A,V,156,156,,V,C,,,V156C,,,1.018641563,,,,P51580
TPMT,A,V,156,156,,V,D,,,V156D,,,0.973403411,,,,P51580
TPMT,A,V,156,156,,V,E,,,V156E,,,0.705111675,,,,P51580
TPMT,A,V,156,156,,V,G,,,V156G,,,0.783175003,,,,P51580
TPMT,A,V,156,156,,V,H,,,V156H,,,0.669771586,,,,P51580
TPMT,A,V,156,156,,V,I,,,V156I,,,0.383337949,,,,P51580
TPMT,A,V,156,156,,V,K,,,V156K,,,0.303160755,,,,P51580
TPMT,A,V,156,156,,V,L,,,V156L,,,0.836860986,,,,P51580
TPMT,A,V,156,156,,V,M,,,V156M,,,0.677620683,,,,P51580
TPMT,A,V,156,156,,V,Q,,,V156Q,,,0.831148824,,,,P51580
TPMT,A,V,156,156,,V,R,,,V156R,,,0.596347768,,,,P51580
TPMT,A,V,156,156,,V,S,,,V156S,,,0.826272805,,,,P51580
TPMT,A,V,156,156,,V,T,,,V156T,,,1.2470503,,,,P51580
TPMT,A,V,156,156,,V,W,,,V156W,,,0.86669782,,,,P51580
TPMT,A,V,156,156,,V,Y,,,V156Y,,,0.694587768,,,,P51580
TPMT,A,A,157,157,,A,C,,,A157C,,,0.890910695,,,,P51580
TPMT,A,A,157,157,,A,D,,,A157D,,,1.324840653,,,,P51580
TPMT,A,A,157,157,,A,E,,,A157E,,,0.738046511,,,,P51580
TPMT,A,A,157,157,,A,G,,,A157G,,,0.812142097,,,,P51580
TPMT,A,A,157,157,,A,I,,,A157I,,,0.695602485,,,,P51580
TPMT,A,A,157,157,,A,K,,,A157K,,,0.487252725,,,,P51580
TPMT,A,A,157,157,,A,L,,,A157L,,,0.668762058,,,,P51580
TPMT,A,A,157,157,,A,M,,,A157M,,,0.941032049,,,,P51580
TPMT,A,A,157,157,,A,N,,,A157N,,,1.108803164,,,,P51580
TPMT,A,A,157,157,,A,P,,,A157P,,,0.043301975,,,,P51580
TPMT,A,A,157,157,,A,Q,,,A157Q,,,0.882672627,,,,P51580
TPMT,A,A,157,157,,A,R,,,A157R,,,0.783632785,,,,P51580
TPMT,A,A,157,157,,A,S,,,A157S,,,1.019347917,,,,P51580
TPMT,A,A,157,157,,A,T,,,A157T,,,0.73442748,,,,P51580
TPMT,A,A,157,157,,A,V,,,A157V,,,0.758136196,,,,P51580
TPMT,A,A,157,157,,A,W,,,A157W,,,0.728214658,,,,P51580
TPMT,A,A,157,157,,A,Y,,,A157Y,,,0.623306766,,,,P51580
TPMT,A,I,158,158,,I,A,,,I158A,,,0.674643796,,,,P51580
TPMT,A,I,158,158,,I,C,,,I158C,,,0.790181737,,,,P51580
TPMT,A,I,158,158,,I,G,,,I158G,,,0.274461946,,,,P51580
TPMT,A,I,158,158,,I,K,,,I158K,,,0.095835008,,,,P51580
TPMT,A,I,158,158,,I,L,,,I158L,,,0.955102782,,,,P51580
TPMT,A,I,158,158,,I,M,,,I158M,,,0.784461005,,,,P51580
TPMT,A,I,158,158,,I,P,,,I158P,,,0.003942906,,,,P51580
TPMT,A,I,158,158,,I,Q,,,I158Q,,,0.494410596,,,,P51580
TPMT,A,I,158,158,,I,R,,,I158R,,,0.228106267,,,,P51580
TPMT,A,I,158,158,,I,S,,,I158S,,,0.395908132,,,,P51580
TPMT,A,I,158,158,,I,T,,,I158T,,,1.036506499,,,,P51580
TPMT,A,I,158,158,,I,V,,,I158V,,,1.204552233,,,,P51580
TPMT,A,I,158,158,,I,W,,,I158W,,,0.466210539,,,,P51580
TPMT,A,I,158,158,,I,Y,,,I158Y,,,0.627222514,,,,P51580
TPMT,A,N,159,159,,N,A,,,N159A,,,0.832094446,,,,P51580
TPMT,A,N,159,159,,N,C,,,N159C,,,0.958911757,,,,P51580
TPMT,A,N,159,159,,N,D,,,N159D,,,0.667121497,,,,P51580
TPMT,A,N,159,159,,N,E,,,N159E,,,0.752947881,,,,P51580
TPMT,A,N,159,159,,N,G,,,N159G,,,0.798186058,,,,P51580
TPMT,A,N,159,159,,N,I,,,N159I,,,0.465320904,,,,P51580
TPMT,A,N,159,159,,N,K,,,N159K,,,0.701261028,,,,P51580
TPMT,A,N,159,159,,N,L,,,N159L,,,0.652438039,,,,P51580
TPMT,A,N,159,159,,N,M,,,N159M,,,0.404101768,,,,P51580
TPMT,A,N,159,159,,N,P,,,N159P,,,0.533960884,,,,P51580
TPMT,A,N,159,159,,N,Q,,,N159Q,,,0.461709217,,,,P51580
TPMT,A,N,159,159,,N,R,,,N159R,,,0.724031405,,,,P51580
TPMT,A,N,159,159,,N,S,,,N159S,,,0.808903111,,,,P51580
TPMT,A,N,159,159,,N,T,,,N159T,,,0.737649162,,,,P51580
TPMT,A,N,159,159,,N,V,,,N159V,,,0.573362891,,,,P51580
TPMT,A,N,159,159,,N,W,,,N159W,,,0.681431047,,,,P51580
TPMT,A,N,159,159,,N,Y,,,N159Y,,,0.817493307,,,,P51580
TPMT,A,P,160,160,,P,A,,,P160A,,,0.914453325,,,,P51580
TPMT,A,P,160,160,,P,C,,,P160C,,,0.75799838,,,,P51580
TPMT,A,P,160,160,,P,E,,,P160E,,,0.76794988,,,,P51580
TPMT,A,P,160,160,,P,G,,,P160G,,,0.703556941,,,,P51580
TPMT,A,P,160,160,,P,H,,,P160H,,,0.871137088,,,,P51580
TPMT,A,P,160,160,,P,K,,,P160K,,,0.784106901,,,,P51580
TPMT,A,P,160,160,,P,L,,,P160L,,,0.950850045,,,,P51580
TPMT,A,P,160,160,,P,M,,,P160M,,,0.541821593,,,,P51580
TPMT,A,P,160,160,,P,N,,,P160N,,,0.36292726,,,,P51580
TPMT,A,P,160,160,,P,Q,,,P160Q,,,0.578354003,,,,P51580
TPMT,A,P,160,160,,P,R,,,P160R,,,0.640094522,,,,P51580
TPMT,A,P,160,160,,P,S,,,P160S,,,0.852797526,,,,P51580
TPMT,A,P,160,160,,P,T,,,P160T,,,0.609735362,,,,P51580
TPMT,A,P,160,160,,P,V,,,P160V,,,0.540360449,,,,P51580
TPMT,A,P,160,160,,P,W,,,P160W,,,0.788818067,,,,P51580
TPMT,A,G,161,161,,G,A,,,G161A,,,1.032969792,,,,P51580
TPMT,A,G,161,161,,G,D,,,G161D,,,0.964549011,,,,P51580
TPMT,A,G,161,161,,G,E,,,G161E,,,0.794533245,,,,P51580
TPMT,A,G,161,161,,G,F,,,G161F,,,0.98638889,,,,P51580
TPMT,A,G,161,161,,G,H,,,G161H,,,1.139377837,,,,P51580
TPMT,A,G,161,161,,G,I,,,G161I,,,0.782222316,,,,P51580
TPMT,A,G,161,161,,G,K,,,G161K,,,0.09688204,,,,P51580
TPMT,A,G,161,161,,G,L,,,G161L,,,0.842772004,,,,P51580
TPMT,A,G,161,161,,G,M,,,G161M,,,1.277372614,,,,P51580
TPMT,A,G,161,161,,G,P,,,G161P,,,1.036543608,,,,P51580
TPMT,A,G,161,161,,G,Q,,,G161Q,,,1.171345012,,,,P51580
TPMT,A,G,161,161,,G,R,,,G161R,,,0.990112636,,,,P51580
TPMT,A,G,161,161,,G,S,,,G161S,,,0.787476533,,,,P51580
TPMT,A,G,161,161,,G,T,,,G161T,,,1.033972159,,,,P51580
TPMT,A,G,161,161,,G,V,,,G161V,,,1.125478486,,,,P51580
TPMT,A,G,161,161,,G,W,,,G161W,,,0.781285632,,,,P51580
TPMT,A,G,161,161,,G,Y,,,G161Y,,,0.883707685,,,,P51580
TPMT,A,D,162,162,,D,A,,,D162A,,,0.863478638,,,,P51580
TPMT,A,D,162,162,,D,C,,,D162C,,,0.936998661,,,,P51580
TPMT,A,D,162,162,,D,E,,,D162E,,,1.090907903,,,,P51580
TPMT,A,D,162,162,,D,G,,,D162G,,,0.764279648,,,,P51580
TPMT,A,D,162,162,,D,I,,,D162I,,,1.014052103,,,,P51580
TPMT,A,D,162,162,,D,K,,,D162K,,,0.732673691,,,,P51580
TPMT,A,D,162,162,,D,L,,,D162L,,,0.871015863,,,,P51580
TPMT,A,D,162,162,,D,M,,,D162M,,,0.914712398,,,,P51580
TPMT,A,D,162,162,,D,P,,,D162P,,,-0.068593206,,,,P51580
TPMT,A,D,162,162,,D,Q,,,D162Q,,,1.018781039,,,,P51580
TPMT,A,D,162,162,,D,R,,,D162R,,,0.97655108,,,,P51580
TPMT,A,D,162,162,,D,S,,,D162S,,,1.134110024,,,,P51580
TPMT,A,D,162,162,,D,T,,,D162T,,,0.963361414,,,,P51580
TPMT,A,D,162,162,,D,V,,,D162V,,,0.927629037,,,,P51580
TPMT,A,D,162,162,,D,W,,,D162W,,,0.941994612,,,,P51580
TPMT,A,D,162,162,,D,Y,,,D162Y,,,0.798164684,,,,P51580
TPMT,A,R,163,163,,R,A,,,R163A,,,0.559514585,,,,P51580
TPMT,A,R,163,163,,R,C,,,R163C,,,0.348630955,,,,P51580
TPMT,A,R,163,163,,R,D,,,R163D,,,0.089410016,,,,P51580
TPMT,A,R,163,163,,R,E,,,R163E,,,0.270811201,,,,P51580
TPMT,A,R,163,163,,R,F,,,R163F,,,0.223432651,,,,P51580
TPMT,A,R,163,163,,R,G,,,R163G,,,0.092065934,,,,P51580
TPMT,A,R,163,163,,R,K,,,R163K,,,0.678763094,,,,P51580
TPMT,A,R,163,163,,R,L,,,R163L,,,0.807526648,,,,P51580
TPMT,A,R,163,163,,R,M,,,R163M,,,0.91706642,,,,P51580
TPMT,A,R,163,163,,R,N,,,R163N,,,-0.19562603,,,,P51580
TPMT,A,R,163,163,,R,P,,,R163P,,,-0.042399191,,,,P51580
TPMT,A,R,163,163,,R,Q,,,R163Q,,,0.848090102,,,,P51580
TPMT,A,R,163,163,,R,S,,,R163S,,,0.216807263,,,,P51580
TPMT,A,R,163,163,,R,T,,,R163T,,,0.873526423,,,,P51580
TPMT,A,R,163,163,,R,V,,,R163V,,,0.606918663,,,,P51580
TPMT,A,R,163,163,,R,W,,,R163W,,,1.005255374,,,,P51580
TPMT,A,K,164,164,,K,A,,,K164A,,,1.111185393,,,,P51580
TPMT,A,K,164,164,,K,C,,,K164C,,,1.106146404,,,,P51580
TPMT,A,K,164,164,,K,D,,,K164D,,,0.941979775,,,,P51580
TPMT,A,K,164,164,,K,E,,,K164E,,,1.056199175,,,,P51580
TPMT,A,K,164,164,,K,F,,,K164F,,,0.904670813,,,,P51580
TPMT,A,K,164,164,,K,G,,,K164G,,,0.970868505,,,,P51580
TPMT,A,K,164,164,,K,L,,,K164L,,,1.068834384,,,,P51580
TPMT,A,K,164,164,,K,M,,,K164M,,,1.068164712,,,,P51580
TPMT,A,K,164,164,,K,N,,,K164N,,,1.156786359,,,,P51580
TPMT,A,K,164,164,,K,P,,,K164P,,,1.092959075,,,,P51580
TPMT,A,K,164,164,,K,Q,,,K164Q,,,1.34682975,,,,P51580
TPMT,A,K,164,164,,K,R,,,K164R,,,0.96913294,,,,P51580
TPMT,A,K,164,164,,K,S,,,K164S,,,0.794916059,,,,P51580
TPMT,A,K,164,164,,K,T,,,K164T,,,1.026395917,,,,P51580
TPMT,A,K,164,164,,K,V,,,K164V,,,0.863229301,,,,P51580
TPMT,A,K,164,164,,K,W,,,K164W,,,0.968374695,,,,P51580
TPMT,A,K,164,164,,K,Y,,,K164Y,,,1.043312559,,,,P51580
TPMT,A,C,165,165,,C,A,,,C165A,,,0.991067085,,,,P51580
TPMT,A,C,165,165,,C,D,,,C165D,,,1.005618732,,,,P51580
TPMT,A,C,165,165,,C,E,,,C165E,,,1.043229287,,,,P51580
TPMT,A,C,165,165,,C,G,,,C165G,,,0.674498801,,,,P51580
TPMT,A,C,165,165,,C,H,,,C165H,,,0.676620055,,,,P51580
TPMT,A,C,165,165,,C,K,,,C165K,,,0.638874133,,,,P51580
TPMT,A,C,165,165,,C,L,,,C165L,,,1.068979257,,,,P51580
TPMT,A,C,165,165,,C,M,,,C165M,,,0.882650464,,,,P51580
TPMT,A,C,165,165,,C,N,,,C165N,,,1.064549523,,,,P51580
TPMT,A,C,165,165,,C,P,,,C165P,,,1.405849133,,,,P51580
TPMT,A,C,165,165,,C,Q,,,C165Q,,,1.216712981,,,,P51580
TPMT,A,C,165,165,,C,R,,,C165R,,,1.197145722,,,,P51580
TPMT,A,C,165,165,,C,S,,,C165S,,,1.123790186,,,,P51580
TPMT,A,C,165,165,,C,T,,,C165T,,,1.240325657,,,,P51580
TPMT,A,C,165,165,,C,V,,,C165V,,,1.212377165,,,,P51580
TPMT,A,C,165,165,,C,W,,,C165W,,,1.165761808,,,,P51580
TPMT,A,Y,166,166,,Y,A,,,Y166A,,,0.17909552,,,,P51580
TPMT,A,Y,166,166,,Y,C,,,Y166C,,,0.055465355,,,,P51580
TPMT,A,Y,166,166,,Y,D,,,Y166D,,,-0.236218388,,,,P51580
TPMT,A,Y,166,166,,Y,E,,,Y166E,,,-0.11722933,,,,P51580
TPMT,A,Y,166,166,,Y,G,,,Y166G,,,0.204921741,,,,P51580
TPMT,A,Y,166,166,,Y,I,,,Y166I,,,0.344789183,,,,P51580
TPMT,A,Y,166,166,,Y,K,,,Y166K,,,-0.123335873,,,,P51580
TPMT,A,Y,166,166,,Y,L,,,Y166L,,,0.328411772,,,,P51580
TPMT,A,Y,166,166,,Y,M,,,Y166M,,,0.142977025,,,,P51580
TPMT,A,Y,166,166,,Y,N,,,Y166N,,,-0.225610933,,,,P51580
TPMT,A,Y,166,166,,Y,P,,,Y166P,,,0.057548785,,,,P51580
TPMT,A,Y,166,166,,Y,Q,,,Y166Q,,,0.146095704,,,,P51580
TPMT,A,Y,166,166,,Y,R,,,Y166R,,,-0.006945752,,,,P51580
TPMT,A,Y,166,166,,Y,T,,,Y166T,,,-0.079022488,,,,P51580
TPMT,A,Y,166,166,,Y,V,,,Y166V,,,0.203799672,,,,P51580
TPMT,A,Y,166,166,,Y,W,,,Y166W,,,0.189753238,,,,P51580
TPMT,A,A,167,167,,A,C,,,A167C,,,1.077610925,,,,P51580
TPMT,A,A,167,167,,A,D,,,A167D,,,-0.043294483,,,,P51580
TPMT,A,A,167,167,,A,E,,,A167E,,,-0.068671772,,,,P51580
TPMT,A,A,167,167,,A,F,,,A167F,,,0.825004311,,,,P51580
TPMT,A,A,167,167,,A,G,,,A167G,,,0.944001442,,,,P51580
TPMT,A,A,167,167,,A,H,,,A167H,,,0.581857269,,,,P51580
TPMT,A,A,167,167,,A,K,,,A167K,,,0.535039649,,,,P51580
TPMT,A,A,167,167,,A,M,,,A167M,,,0.809991784,,,,P51580
TPMT,A,A,167,167,,A,P,,,A167P,,,0.829182757,,,,P51580
TPMT,A,A,167,167,,A,Q,,,A167Q,,,0.760312052,,,,P51580
TPMT,A,A,167,167,,A,R,,,A167R,,,0.890329765,,,,P51580
TPMT,A,A,167,167,,A,S,,,A167S,,,0.752915534,,,,P51580
TPMT,A,A,167,167,,A,T,,,A167T,,,0.790674235,,,,P51580
TPMT,A,A,167,167,,A,V,,,A167V,,,0.94526377,,,,P51580
TPMT,A,A,167,167,,A,W,,,A167W,,,0.792276897,,,,P51580
TPMT,A,A,167,167,,A,Y,,,A167Y,,,0.640337243,,,,P51580
TPMT,A,D,168,168,,D,A,,,D168A,,,1.024918999,,,,P51580
TPMT,A,D,168,168,,D,E,,,D168E,,,1.244066444,,,,P51580
TPMT,A,D,168,168,,D,F,,,D168F,,,1.097940809,,,,P51580
TPMT,A,D,168,168,,D,G,,,D168G,,,1.075820198,,,,P51580
TPMT,A,D,168,168,,D,K,,,D168K,,,1.02602357,,,,P51580
TPMT,A,D,168,168,,D,L,,,D168L,,,0.876222692,,,,P51580
TPMT,A,D,168,168,,D,M,,,D168M,,,0.754984164,,,,P51580
TPMT,A,D,168,168,,D,N,,,D168N,,,1.045756583,,,,P51580
TPMT,A,D,168,168,,D,P,,,D168P,,,0.76103994,,,,P51580
TPMT,A,D,168,168,,D,Q,,,D168Q,,,1.060077247,,,,P51580
TPMT,A,D,168,168,,D,R,,,D168R,,,0.801388712,,,,P51580
TPMT,A,D,168,168,,D,T,,,D168T,,,0.987995775,,,,P51580
TPMT,A,D,168,168,,D,V,,,D168V,,,0.843330413,,,,P51580
TPMT,A,D,168,168,,D,W,,,D168W,,,0.819910532,,,,P51580
TPMT,A,D,168,168,,D,Y,,,D168Y,,,1.131953174,,,,P51580
TPMT,A,T,169,169,,T,A,,,T169A,,,1.392809204,,,,P51580
TPMT,A,T,169,169,,T,C,,,T169C,,,0.989241503,,,,P51580
TPMT,A,T,169,169,,T,D,,,T169D,,,0.523639972,,,,P51580
TPMT,A,T,169,169,,T,E,,,T169E,,,0.662873912,,,,P51580
TPMT,A,T,169,169,,T,F,,,T169F,,,1.005055912,,,,P51580
TPMT,A,T,169,169,,T,G,,,T169G,,,0.962150112,,,,P51580
TPMT,A,T,169,169,,T,I,,,T169I,,,0.835397088,,,,P51580
TPMT,A,T,169,169,,T,K,,,T169K,,,0.759012142,,,,P51580
TPMT,A,T,169,169,,T,L,,,T169L,,,0.91617775,,,,P51580
TPMT,A,T,169,169,,T,M,,,T169M,,,1.005194105,,,,P51580
TPMT,A,T,169,169,,T,N,,,T169N,,,0.634686866,,,,P51580
TPMT,A,T,169,169,,T,P,,,T169P,,,0.145766185,,,,P51580
TPMT,A,T,169,169,,T,Q,,,T169Q,,,1.022342739,,,,P51580
TPMT,A,T,169,169,,T,R,,,T169R,,,0.861708906,,,,P51580
TPMT,A,T,169,169,,T,S,,,T169S,,,1.010838404,,,,P51580
TPMT,A,T,169,169,,T,V,,,T169V,,,1.006179958,,,,P51580
TPMT,A,T,169,169,,T,W,,,T169W,,,0.881544755,,,,P51580
TPMT,A,M,170,170,,M,A,,,M170A,,,0.628008933,,,,P51580
TPMT,A,M,170,170,,M,C,,,M170C,,,0.782293076,,,,P51580
TPMT,A,M,170,170,,M,D,,,M170D,,,0.235624625,,,,P51580
TPMT,A,M,170,170,,M,E,,,M170E,,,0.04418138,,,,P51580
TPMT,A,M,170,170,,M,F,,,M170F,,,0.785097391,,,,P51580
TPMT,A,M,170,170,,M,G,,,M170G,,,-0.005108564,,,,P51580
TPMT,A,M,170,170,,M,H,,,M170H,,,-0.194938236,,,,P51580
TPMT,A,M,170,170,,M,I,,,M170I,,,0.795578609,,,,P51580
TPMT,A,M,170,170,,M,L,,,M170L,,,1.020597196,,,,P51580
TPMT,A,M,170,170,,M,P,,,M170P,,,0.275611143,,,,P51580
TPMT,A,M,170,170,,M,Q,,,M170Q,,,0.521667249,,,,P51580
TPMT,A,M,170,170,,M,R,,,M170R,,,-0.094722826,,,,P51580
TPMT,A,M,170,170,,M,S,,,M170S,,,0.141783563,,,,P51580
TPMT,A,M,170,170,,M,T,,,M170T,,,0.835460135,,,,P51580
TPMT,A,M,170,170,,M,V,,,M170V,,,1.207593708,,,,P51580
TPMT,A,M,170,170,,M,W,,,M170W,,,0.114566252,,,,P51580
TPMT,A,M,170,170,,M,Y,,,M170Y,,,-0.073940714,,,,P51580
TPMT,A,F,171,171,,F,A,,,F171A,,,0.980305578,,,,P51580
TPMT,A,F,171,171,,F,C,,,F171C,,,0.966206676,,,,P51580
TPMT,A,F,171,171,,F,D,,,F171D,,,0.885173421,,,,P51580
TPMT,A,F,171,171,,F,E,,,F171E,,,0.536532215,,,,P51580
TPMT,A,F,171,171,,F,G,,,F171G,,,1.059614745,,,,P51580
TPMT,A,F,171,171,,F,H,,,F171H,,,1.224653118,,,,P51580
TPMT,A,F,171,171,,F,K,,,F171K,,,1.053563588,,,,P51580
TPMT,A,F,171,171,,F,L,,,F171L,,,0.989797808,,,,P51580
TPMT,A,F,171,171,,F,M,,,F171M,,,0.83422994,,,,P51580
TPMT,A,F,171,171,,F,P,,,F171P,,,0.514668879,,,,P51580
TPMT,A,F,171,171,,F,Q,,,F171Q,,,1.389551148,,,,P51580
TPMT,A,F,171,171,,F,R,,,F171R,,,0.994401341,,,,P51580
TPMT,A,F,171,171,,F,S,,,F171S,,,0.801136586,,,,P51580
TPMT,A,F,171,171,,F,T,,,F171T,,,1.152990005,,,,P51580
TPMT,A,F,171,171,,F,V,,,F171V,,,0.884442801,,,,P51580
TPMT,A,F,171,171,,F,W,,,F171W,,,0.857417271,,,,P51580
TPMT,A,L,173,173,,L,A,,,L173A,,,0.503265958,,,,P51580
TPMT,A,L,173,173,,L,D,,,L173D,,,0.120913251,,,,P51580
TPMT,A,L,173,173,,L,E,,,L173E,,,0.010933466,,,,P51580
TPMT,A,L,173,173,,L,G,,,L173G,,,0.141211203,,,,P51580
TPMT,A,L,173,173,,L,I,,,L173I,,,1.163478849,,,,P51580
TPMT,A,L,173,173,,L,M,,,L173M,,,1.085576368,,,,P51580
TPMT,A,L,173,173,,L,N,,,L173N,,,0.185289599,,,,P51580
TPMT,A,L,173,173,,L,P,,,L173P,,,0.156977567,,,,P51580
TPMT,A,L,173,173,,L,Q,,,L173Q,,,0.603689661,,,,P51580
TPMT,A,L,173,173,,L,R,,,L173R,,,0.763213002,,,,P51580
TPMT,A,L,173,173,,L,S,,,L173S,,,0.694417726,,,,P51580
TPMT,A,L,173,173,,L,T,,,L173T,,,0.956210838,,,,P51580
TPMT,A,L,173,173,,L,V,,,L173V,,,1.164422637,,,,P51580
TPMT,A,L,173,173,,L,W,,,L173W,,,0.822775276,,,,P51580
TPMT,A,L,174,174,,L,A,,,L174A,,,0.888041433,,,,P51580
TPMT,A,L,174,174,,L,C,,,L174C,,,0.640527311,,,,P51580
TPMT,A,L,174,174,,L,F,,,L174F,,,1.007227118,,,,P51580
TPMT,A,L,174,174,,L,G,,,L174G,,,0.670813929,,,,P51580
TPMT,A,L,174,174,,L,H,,,L174H,,,0.460154782,,,,P51580
TPMT,A,L,174,174,,L,K,,,L174K,,,0.41426106,,,,P51580
TPMT,A,L,174,174,,L,M,,,L174M,,,0.786757874,,,,P51580
TPMT,A,L,174,174,,L,N,,,L174N,,,-0.153914388,,,,P51580
TPMT,A,L,174,174,,L,P,,,L174P,,,0.040394551,,,,P51580
TPMT,A,L,174,174,,L,Q,,,L174Q,,,0.03659225,,,,P51580
TPMT,A,L,174,174,,L,R,,,L174R,,,0.658421426,,,,P51580
TPMT,A,L,174,174,,L,S,,,L174S,,,0.821368944,,,,P51580
TPMT,A,L,174,174,,L,T,,,L174T,,,0.773326069,,,,P51580
TPMT,A,L,174,174,,L,V,,,L174V,,,0.925134786,,,,P51580
TPMT,A,L,174,174,,L,W,,,L174W,,,0.903456285,,,,P51580
TPMT,A,L,174,174,,L,Y,,,L174Y,,,0.741593025,,,,P51580
TPMT,A,G,175,175,,G,A,,,G175A,,,0.92506812,,,,P51580
TPMT,A,G,175,175,,G,C,,,G175C,,,0.777317736,,,,P51580
TPMT,A,G,175,175,,G,D,,,G175D,,,1.193405576,,,,P51580
TPMT,A,G,175,175,,G,E,,,G175E,,,0.935190553,,,,P51580
TPMT,A,G,175,175,,G,F,,,G175F,,,0.912713591,,,,P51580
TPMT,A,G,175,175,,G,H,,,G175H,,,0.966357359,,,,P51580
TPMT,A,G,175,175,,G,I,,,G175I,,,0.686810234,,,,P51580
TPMT,A,G,175,175,,G,L,,,G175L,,,0.87930454,,,,P51580
TPMT,A,G,175,175,,G,M,,,G175M,,,1.028683449,,,,P51580
TPMT,A,G,175,175,,G,N,,,G175N,,,0.956784423,,,,P51580
TPMT,A,G,175,175,,G,P,,,G175P,,,0.987628046,,,,P51580
TPMT,A,G,175,175,,G,Q,,,G175Q,,,1.308905363,,,,P51580
TPMT,A,G,175,175,,G,R,,,G175R,,,0.840656367,,,,P51580
TPMT,A,G,175,175,,G,S,,,G175S,,,0.980144981,,,,P51580
TPMT,A,G,175,175,,G,T,,,G175T,,,1.256996308,,,,P51580
TPMT,A,G,175,175,,G,V,,,G175V,,,0.998265097,,,,P51580
TPMT,A,G,175,175,,G,W,,,G175W,,,0.897667591,,,,P51580
TPMT,A,G,175,175,,G,Y,,,G175Y,,,1.128287795,,,,P51580
TPMT,A,K,176,176,,K,A,,,K176A,,,0.976510982,,,,P51580
TPMT,A,K,176,176,,K,C,,,K176C,,,1.021165065,,,,P51580
TPMT,A,K,176,176,,K,D,,,K176D,,,1.178620334,,,,P51580
TPMT,A,K,176,176,,K,E,,,K176E,,,0.606874934,,,,P51580
TPMT,A,K,176,176,,K,F,,,K176F,,,0.808342953,,,,P51580
TPMT,A,K,176,176,,K,G,,,K176G,,,0.907494323,,,,P51580
TPMT,A,K,176,176,,K,H,,,K176H,,,0.858908844,,,,P51580
TPMT,A,K,176,176,,K,I,,,K176I,,,1.07911628,,,,P51580
TPMT,A,K,176,176,,K,L,,,K176L,,,1.14820137,,,,P51580
TPMT,A,K,176,176,,K,M,,,K176M,,,0.854514634,,,,P51580
TPMT,A,K,176,176,,K,P,,,K176P,,,0.806701632,,,,P51580
TPMT,A,K,176,176,,K,Q,,,K176Q,,,1.041727733,,,,P51580
TPMT,A,K,176,176,,K,R,,,K176R,,,0.77739928,,,,P51580
TPMT,A,K,176,176,,K,S,,,K176S,,,0.868562237,,,,P51580
TPMT,A,K,176,176,,K,V,,,K176V,,,1.088558163,,,,P51580
TPMT,A,K,176,176,,K,W,,,K176W,,,0.821199297,,,,P51580
TPMT,A,K,176,176,,K,Y,,,K176Y,,,1.103083506,,,,P51580
TPMT,A,K,177,177,,K,A,,,K177A,,,0.942553427,,,,P51580
TPMT,A,K,177,177,,K,D,,,K177D,,,0.882169312,,,,P51580
TPMT,A,K,177,177,,K,E,,,K177E,,,1.029690489,,,,P51580
TPMT,A,K,177,177,,K,F,,,K177F,,,0.761178541,,,,P51580
TPMT,A,K,177,177,,K,G,,,K177G,,,1.100478867,,,,P51580
TPMT,A,K,177,177,,K,H,,,K177H,,,0.941223549,,,,P51580
TPMT,A,K,177,177,,K,I,,,K177I,,,0.961424983,,,,P51580
TPMT,A,K,177,177,,K,L,,,K177L,,,0.392268199,,,,P51580
TPMT,A,K,177,177,,K,M,,,K177M,,,0.833990878,,,,P51580
TPMT,A,K,177,177,,K,P,,,K177P,,,1.60932165,,,,P51580
TPMT,A,K,177,177,,K,Q,,,K177Q,,,1.182064259,,,,P51580
TPMT,A,K,177,177,,K,R,,,K177R,,,1.109649279,,,,P51580
TPMT,A,K,177,177,,K,S,,,K177S,,,0.509854701,,,,P51580
TPMT,A,K,177,177,,K,T,,,K177T,,,0.956777752,,,,P51580
TPMT,A,K,177,177,,K,V,,,K177V,,,0.682451376,,,,P51580
TPMT,A,K,177,177,,K,W,,,K177W,,,0.785466448,,,,P51580
TPMT,A,K,177,177,,K,Y,,,K177Y,,,1.100138991,,,,P51580
TPMT,A,F,178,178,,F,A,,,F178A,,,1.238580341,,,,P51580
TPMT,A,F,178,178,,F,C,,,F178C,,,0.905331412,,,,P51580
TPMT,A,F,178,178,,F,E,,,F178E,,,0.033553461,,,,P51580
TPMT,A,F,178,178,,F,G,,,F178G,,,0.897687915,,,,P51580
TPMT,A,F,178,178,,F,L,,,F178L,,,0.633461776,,,,P51580
TPMT,A,F,178,178,,F,P,,,F178P,,,0.421267831,,,,P51580
TPMT,A,F,178,178,,F,R,,,F178R,,,0.094912282,,,,P51580
TPMT,A,F,178,178,,F,S,,,F178S,,,0.910916402,,,,P51580
TPMT,A,F,178,178,,F,T,,,F178T,,,0.750193119,,,,P51580
TPMT,A,F,178,178,,F,V,,,F178V,,,0.479229653,,,,P51580
TPMT,A,F,178,178,,F,W,,,F178W,,,1.164167423,,,,P51580
TPMT,A,Q,179,179,,Q,A,,,Q179A,,,1.046907261,,,,P51580
TPMT,A,Q,179,179,,Q,C,,,Q179C,,,0.076708078,,,,P51580
TPMT,A,Q,179,179,,Q,G,,,Q179G,,,0.785749107,,,,P51580
TPMT,A,Q,179,179,,Q,K,,,Q179K,,,1.177276372,,,,P51580
TPMT,A,Q,179,179,,Q,M,,,Q179M,,,1.062150812,,,,P51580
TPMT,A,Q,179,179,,Q,P,,,Q179P,,,-0.357937214,,,,P51580
TPMT,A,Q,179,179,,Q,S,,,Q179S,,,0.940144537,,,,P51580
TPMT,A,Q,179,179,,Q,V,,,Q179V,,,1.182459855,,,,P51580
TPMT,A,Q,179,179,,Q,W,,,Q179W,,,0.990211998,,,,P51580
TPMT,A,Y,180,180,,Y,A,,,Y180A,,,0.520077506,,,,P51580
TPMT,A,Y,180,180,,Y,C,,,Y180C,,,0.398439896,,,,P51580
TPMT,A,Y,180,180,,Y,D,,,Y180D,,,0.070792287,,,,P51580
TPMT,A,Y,180,180,,Y,E,,,Y180E,,,-0.019693324,,,,P51580
TPMT,A,Y,180,180,,Y,G,,,Y180G,,,0.060683326,,,,P51580
TPMT,A,Y,180,180,,Y,K,,,Y180K,,,0.047875961,,,,P51580
TPMT,A,Y,180,180,,Y,L,,,Y180L,,,0.678865456,,,,P51580
TPMT,A,Y,180,180,,Y,M,,,Y180M,,,0.837531536,,,,P51580
TPMT,A,Y,180,180,,Y,N,,,Y180N,,,0.262700881,,,,P51580
TPMT,A,Y,180,180,,Y,P,,,Y180P,,,0.048074235,,,,P51580
TPMT,A,Y,180,180,,Y,Q,,,Y180Q,,,0.207283694,,,,P51580
TPMT,A,Y,180,180,,Y,R,,,Y180R,,,-0.117778979,,,,P51580
TPMT,A,Y,180,180,,Y,S,,,Y180S,,,0.192917142,,,,P51580
TPMT,A,Y,180,180,,Y,V,,,Y180V,,,0.803167749,,,,P51580
TPMT,A,Y,180,180,,Y,W,,,Y180W,,,0.986367355,,,,P51580
TPMT,A,L,181,181,,L,A,,,L181A,,,1.088262551,,,,P51580
TPMT,A,L,181,181,,L,C,,,L181C,,,0.978286866,,,,P51580
TPMT,A,L,181,181,,L,D,,,L181D,,,-0.100561837,,,,P51580
TPMT,A,L,181,181,,L,E,,,L181E,,,0.189228126,,,,P51580
TPMT,A,L,181,181,,L,F,,,L181F,,,1.005726537,,,,P51580
TPMT,A,L,181,181,,L,G,,,L181G,,,0.847652845,,,,P51580
TPMT,A,L,181,181,,L,K,,,L181K,,,0.029827856,,,,P51580
TPMT,A,L,181,181,,L,Q,,,L181Q,,,0.519817717,,,,P51580
TPMT,A,L,181,181,,L,R,,,L181R,,,0.311754878,,,,P51580
TPMT,A,L,181,181,,L,S,,,L181S,,,0.628646121,,,,P51580
TPMT,A,L,181,181,,L,T,,,L181T,,,0.650104426,,,,P51580
TPMT,A,L,181,181,,L,V,,,L181V,,,0.883069656,,,,P51580
TPMT,A,L,181,181,,L,W,,,L181W,,,0.544452574,,,,P51580
TPMT,A,L,182,182,,L,A,,,L182A,,,0.656685895,,,,P51580
TPMT,A,L,182,182,,L,C,,,L182C,,,0.739200055,,,,P51580
TPMT,A,L,182,182,,L,D,,,L182D,,,0.126907275,,,,P51580
TPMT,A,L,182,182,,L,G,,,L182G,,,-0.004655975,,,,P51580
TPMT,A,L,182,182,,L,H,,,L182H,,,-0.035853264,,,,P51580
TPMT,A,L,182,182,,L,K,,,L182K,,,-0.221697154,,,,P51580
TPMT,A,L,182,182,,L,M,,,L182M,,,0.928896241,,,,P51580
TPMT,A,L,182,182,,L,P,,,L182P,,,0.969983436,,,,P51580
TPMT,A,L,182,182,,L,Q,,,L182Q,,,0.180351769,,,,P51580
TPMT,A,L,182,182,,L,R,,,L182R,,,-0.021489278,,,,P51580
TPMT,A,L,182,182,,L,S,,,L182S,,,0.339022583,,,,P51580
TPMT,A,L,182,182,,L,T,,,L182T,,,0.792665416,,,,P51580
TPMT,A,L,182,182,,L,V,,,L182V,,,0.903671926,,,,P51580
TPMT,A,L,182,182,,L,W,,,L182W,,,-0.082125624,,,,P51580
TPMT,A,L,182,182,,L,Y,,,L182Y,,,0.54535908,,,,P51580
TPMT,A,C,183,183,,C,A,,,C183A,,,0.77622025,,,,P51580
TPMT,A,C,183,183,,C,E,,,C183E,,,0.820508969,,,,P51580
TPMT,A,C,183,183,,C,G,,,C183G,,,0.696835136,,,,P51580
TPMT,A,C,183,183,,C,K,,,C183K,,,0.488712674,,,,P51580
TPMT,A,C,183,183,,C,L,,,C183L,,,1.517053259,,,,P51580
TPMT,A,C,183,183,,C,M,,,C183M,,,0.985268945,,,,P51580
TPMT,A,C,183,183,,C,P,,,C183P,,,0.609722504,,,,P51580
TPMT,A,C,183,183,,C,Q,,,C183Q,,,0.631931537,,,,P51580
TPMT,A,C,183,183,,C,R,,,C183R,,,0.725661292,,,,P51580
TPMT,A,C,183,183,,C,S,,,C183S,,,0.946892645,,,,P51580
TPMT,A,C,183,183,,C,T,,,C183T,,,0.957321318,,,,P51580
TPMT,A,C,183,183,,C,V,,,C183V,,,0.926276593,,,,P51580
TPMT,A,C,183,183,,C,W,,,C183W,,,0.735311925,,,,P51580
TPMT,A,V,184,184,,V,A,,,V184A,,,1.009878164,,,,P51580
TPMT,A,V,184,184,,V,E,,,V184E,,,0.22725739,,,,P51580
TPMT,A,V,184,184,,V,G,,,V184G,,,0.798784638,,,,P51580
TPMT,A,V,184,184,,V,K,,,V184K,,,0.674725149,,,,P51580
TPMT,A,V,184,184,,V,L,,,V184L,,,0.968705802,,,,P51580
TPMT,A,V,184,184,,V,M,,,V184M,,,0.60423404,,,,P51580
TPMT,A,V,184,184,,V,N,,,V184N,,,0.571621726,,,,P51580
TPMT,A,V,184,184,,V,Q,,,V184Q,,,1.02751398,,,,P51580
TPMT,A,V,184,184,,V,R,,,V184R,,,0.465592702,,,,P51580
TPMT,A,V,184,184,,V,S,,,V184S,,,1.254223164,,,,P51580
TPMT,A,V,184,184,,V,T,,,V184T,,,0.840600931,,,,P51580
TPMT,A,V,184,184,,V,W,,,V184W,,,0.029639391,,,,P51580
TPMT,A,L,185,185,,L,A,,,L185A,,,0.797332294,,,,P51580
TPMT,A,L,185,185,,L,C,,,L185C,,,0.705692079,,,,P51580
TPMT,A,L,185,185,,L,E,,,L185E,,,1.074004038,,,,P51580
TPMT,A,L,185,185,,L,G,,,L185G,,,0.718611067,,,,P51580
TPMT,A,L,185,185,,L,K,,,L185K,,,0.662675157,,,,P51580
TPMT,A,L,185,185,,L,Q,,,L185Q,,,0.939101289,,,,P51580
TPMT,A,L,185,185,,L,R,,,L185R,,,0.620343537,,,,P51580
TPMT,A,L,185,185,,L,S,,,L185S,,,0.980318099,,,,P51580
TPMT,A,L,185,185,,L,T,,,L185T,,,0.764519869,,,,P51580
TPMT,A,L,185,185,,L,V,,,L185V,,,0.967036041,,,,P51580
TPMT,A,L,185,185,,L,W,,,L185W,,,0.767056138,,,,P51580
TPMT,A,S,186,186,,S,A,,,S186A,,,0.885403183,,,,P51580
TPMT,A,S,186,186,,S,C,,,S186C,,,1.023640024,,,,P51580
TPMT,A,S,186,186,,S,D,,,S186D,,,1.139400126,,,,P51580
TPMT,A,S,186,186,,S,E,,,S186E,,,1.019533978,,,,P51580
TPMT,A,S,186,186,,S,F,,,S186F,,,1.050445921,,,,P51580
TPMT,A,S,186,186,,S,G,,,S186G,,,0.84831245,,,,P51580
TPMT,A,S,186,186,,S,H,,,S186H,,,0.948204662,,,,P51580
TPMT,A,S,186,186,,S,L,,,S186L,,,0.953229105,,,,P51580
TPMT,A,S,186,186,,S,M,,,S186M,,,0.767344257,,,,P51580
TPMT,A,S,186,186,,S,P,,,S186P,,,0.759130896,,,,P51580
TPMT,A,S,186,186,,S,Q,,,S186Q,,,-0.564691536,,,,P51580
TPMT,A,S,186,186,,S,R,,,S186R,,,0.83383622,,,,P51580
TPMT,A,S,186,186,,S,T,,,S186T,,,1.079453837,,,,P51580
TPMT,A,S,186,186,,S,V,,,S186V,,,0.880120139,,,,P51580
TPMT,A,S,186,186,,S,W,,,S186W,,,0.955088294,,,,P51580
TPMT,A,S,186,186,,S,Y,,,S186Y,,,1.031683914,,,,P51580
TPMT,A,Y,187,187,,Y,A,,,Y187A,,,0.598319756,,,,P51580
TPMT,A,Y,187,187,,Y,C,,,Y187C,,,0.755771538,,,,P51580
TPMT,A,Y,187,187,,Y,D,,,Y187D,,,0.839406065,,,,P51580
TPMT,A,Y,187,187,,Y,E,,,Y187E,,,0.625175067,,,,P51580
TPMT,A,Y,187,187,,Y,G,,,Y187G,,,0.773964094,,,,P51580
TPMT,A,Y,187,187,,Y,I,,,Y187I,,,0.868952259,,,,P51580
TPMT,A,Y,187,187,,Y,K,,,Y187K,,,0.823020646,,,,P51580
TPMT,A,Y,187,187,,Y,L,,,Y187L,,,0.874712987,,,,P51580
TPMT,A,Y,187,187,,Y,P,,,Y187P,,,0.972129225,,,,P51580
TPMT,A,Y,187,187,,Y,Q,,,Y187Q,,,0.442937084,,,,P51580
TPMT,A,Y,187,187,,Y,R,,,Y187R,,,0.707887552,,,,P51580
TPMT,A,Y,187,187,,Y,S,,,Y187S,,,0.899121471,,,,P51580
TPMT,A,Y,187,187,,Y,T,,,Y187T,,,0.654460929,,,,P51580
TPMT,A,Y,187,187,,Y,V,,,Y187V,,,0.684031423,,,,P51580
TPMT,A,Y,187,187,,Y,W,,,Y187W,,,0.767473604,,,,P51580
TPMT,A,D,188,188,,D,A,,,D188A,,,0.732917574,,,,P51580
TPMT,A,D,188,188,,D,C,,,D188C,,,0.948260828,,,,P51580
TPMT,A,D,188,188,,D,E,,,D188E,,,0.878880082,,,,P51580
TPMT,A,D,188,188,,D,F,,,D188F,,,0.726653257,,,,P51580
TPMT,A,D,188,188,,D,G,,,D188G,,,0.879864312,,,,P51580
TPMT,A,D,188,188,,D,K,,,D188K,,,0.879818828,,,,P51580
TPMT,A,D,188,188,,D,L,,,D188L,,,0.520264112,,,,P51580
TPMT,A,D,188,188,,D,M,,,D188M,,,0.834291812,,,,P51580
TPMT,A,D,188,188,,D,N,,,D188N,,,0.802897428,,,,P51580
TPMT,A,D,188,188,,D,P,,,D188P,,,0.779632622,,,,P51580
TPMT,A,D,188,188,,D,Q,,,D188Q,,,0.818341495,,,,P51580
TPMT,A,D,188,188,,D,R,,,D188R,,,0.631621436,,,,P51580
TPMT,A,D,188,188,,D,S,,,D188S,,,0.79988201,,,,P51580
TPMT,A,D,188,188,,D,T,,,D188T,,,0.774458209,,,,P51580
TPMT,A,D,188,188,,D,V,,,D188V,,,0.49145491,,,,P51580
TPMT,A,D,188,188,,D,W,,,D188W,,,0.625171523,,,,P51580
TPMT,A,D,188,188,,D,Y,,,D188Y,,,0.757402131,,,,P51580
TPMT,A,P,189,189,,P,A,,,P189A,,,0.892960283,,,,P51580
TPMT,A,P,189,189,,P,C,,,P189C,,,0.779412644,,,,P51580
TPMT,A,P,189,189,,P,D,,,P189D,,,0.553286024,,,,P51580
TPMT,A,P,189,189,,P,E,,,P189E,,,0.735833251,,,,P51580
TPMT,A,P,189,189,,P,F,,,P189F,,,0.824210951,,,,P51580
TPMT,A,P,189,189,,P,G,,,P189G,,,0.736898167,,,,P51580
TPMT,A,P,189,189,,P,H,,,P189H,,,0.978732248,,,,P51580
TPMT,A,P,189,189,,P,I,,,P189I,,,0.732102238,,,,P51580
TPMT,A,P,189,189,,P,K,,,P189K,,,0.672287227,,,,P51580
TPMT,A,P,189,189,,P,L,,,P189L,,,0.716622321,,,,P51580
TPMT,A,P,189,189,,P,M,,,P189M,,,1.01729852,,,,P51580
TPMT,A,P,189,189,,P,N,,,P189N,,,0.219187589,,,,P51580
TPMT,A,P,189,189,,P,Q,,,P189Q,,,0.745863884,,,,P51580
TPMT,A,P,189,189,,P,R,,,P189R,,,0.890980724,,,,P51580
TPMT,A,P,189,189,,P,S,,,P189S,,,0.843796583,,,,P51580
TPMT,A,P,189,189,,P,T,,,P189T,,,0.933023365,,,,P51580
TPMT,A,P,189,189,,P,V,,,P189V,,,0.396926705,,,,P51580
TPMT,A,P,189,189,,P,W,,,P189W,,,0.887523065,,,,P51580
TPMT,A,T,190,190,,T,A,,,T190A,,,0.899657511,,,,P51580
TPMT,A,T,190,190,,T,C,,,T190C,,,1.015721978,,,,P51580
TPMT,A,T,190,190,,T,D,,,T190D,,,0.59240938,,,,P51580
TPMT,A,T,190,190,,T,E,,,T190E,,,1.131117962,,,,P51580
TPMT,A,T,190,190,,T,F,,,T190F,,,1.177879537,,,,P51580
TPMT,A,T,190,190,,T,G,,,T190G,,,0.877675024,,,,P51580
TPMT,A,T,190,190,,T,H,,,T190H,,,1.273170114,,,,P51580
TPMT,A,T,190,190,,T,I,,,T190I,,,1.068464864,,,,P51580
TPMT,A,T,190,190,,T,K,,,T190K,,,1.272247692,,,,P51580
TPMT,A,T,190,190,,T,L,,,T190L,,,1.133676118,,,,P51580
TPMT,A,T,190,190,,T,P,,,T190P,,,0.735066046,,,,P51580
TPMT,A,T,190,190,,T,Q,,,T190Q,,,0.882626517,,,,P51580
TPMT,A,T,190,190,,T,R,,,T190R,,,1.11703794,,,,P51580
TPMT,A,T,190,190,,T,S,,,T190S,,,1.072171248,,,,P51580
TPMT,A,T,190,190,,T,V,,,T190V,,,1.038209385,,,,P51580
TPMT,A,T,190,190,,T,W,,,T190W,,,0.95895375,,,,P51580
TPMT,A,T,190,190,,T,Y,,,T190Y,,,0.895082541,,,,P51580
TPMT,A,K,191,191,,K,A,,,K191A,,,0.874569037,,,,P51580
TPMT,A,K,191,191,,K,C,,,K191C,,,0.973442974,,,,P51580
TPMT,A,K,191,191,,K,D,,,K191D,,,0.902924386,,,,P51580
TPMT,A,K,191,191,,K,E,,,K191E,,,0.580158066,,,,P51580
TPMT,A,K,191,191,,K,G,,,K191G,,,0.990597976,,,,P51580
TPMT,A,K,191,191,,K,I,,,K191I,,,0.924917434,,,,P51580
TPMT,A,K,191,191,,K,L,,,K191L,,,0.863139233,,,,P51580
TPMT,A,K,191,191,,K,M,,,K191M,,,0.73888179,,,,P51580
TPMT,A,K,191,191,,K,P,,,K191P,,,0.68711791,,,,P51580
TPMT,A,K,191,191,,K,Q,,,K191Q,,,1.016644447,,,,P51580
TPMT,A,K,191,191,,K,R,,,K191R,,,0.885137705,,,,P51580
TPMT,A,K,191,191,,K,S,,,K191S,,,1.102108693,,,,P51580
TPMT,A,K,191,191,,K,T,,,K191T,,,0.7677633,,,,P51580
TPMT,A,K,191,191,,K,V,,,K191V,,,0.966521702,,,,P51580
TPMT,A,K,191,191,,K,W,,,K191W,,,0.665309823,,,,P51580
TPMT,A,K,191,191,,K,Y,,,K191Y,,,0.976908738,,,,P51580
TPMT,A,H,192,192,,H,A,,,H192A,,,0.647361957,,,,P51580
TPMT,A,H,192,192,,H,C,,,H192C,,,0.615338954,,,,P51580
TPMT,A,H,192,192,,H,D,,,H192D,,,0.835478073,,,,P51580
TPMT,A,H,192,192,,H,E,,,H192E,,,0.971221786,,,,P51580
TPMT,A,H,192,192,,H,G,,,H192G,,,0.608160641,,,,P51580
TPMT,A,H,192,192,,H,K,,,H192K,,,0.804040683,,,,P51580
TPMT,A,H,192,192,,H,L,,,H192L,,,0.849324405,,,,P51580
TPMT,A,H,192,192,,H,M,,,H192M,,,1.12531357,,,,P51580
TPMT,A,H,192,192,,H,P,,,H192P,,,0.514696384,,,,P51580
TPMT,A,H,192,192,,H,R,,,H192R,,,0.979980429,,,,P51580
TPMT,A,H,192,192,,H,S,,,H192S,,,0.92525399,,,,P51580
TPMT,A,H,192,192,,H,T,,,H192T,,,0.844061935,,,,P51580
TPMT,A,H,192,192,,H,V,,,H192V,,,0.793536354,,,,P51580
TPMT,A,H,192,192,,H,W,,,H192W,,,1.150913408,,,,P51580
TPMT,A,H,192,192,,H,Y,,,H192Y,,,1.174521215,,,,P51580
TPMT,A,P,193,193,,P,A,,,P193A,,,1.468778827,,,,P51580
TPMT,A,P,193,193,,P,C,,,P193C,,,1.339028909,,,,P51580
TPMT,A,P,193,193,,P,E,,,P193E,,,0.773706526,,,,P51580
TPMT,A,P,193,193,,P,G,,,P193G,,,0.63065929,,,,P51580
TPMT,A,P,193,193,,P,H,,,P193H,,,1.068660509,,,,P51580
TPMT,A,P,193,193,,P,I,,,P193I,,,0.514285829,,,,P51580
TPMT,A,P,193,193,,P,K,,,P193K,,,0.414100561,,,,P51580
TPMT,A,P,193,193,,P,L,,,P193L,,,1.164078486,,,,P51580
TPMT,A,P,193,193,,P,M,,,P193M,,,1.531759938,,,,P51580
TPMT,A,P,193,193,,P,Q,,,P193Q,,,1.658530185,,,,P51580
TPMT,A,P,193,193,,P,R,,,P193R,,,0.79834117,,,,P51580
TPMT,A,P,193,193,,P,S,,,P193S,,,1.452932285,,,,P51580
TPMT,A,P,193,193,,P,T,,,P193T,,,1.350541474,,,,P51580
TPMT,A,P,193,193,,P,V,,,P193V,,,0.546177006,,,,P51580
TPMT,A,P,193,193,,P,W,,,P193W,,,0.4643799,,,,P51580
TPMT,A,P,193,193,,P,Y,,,P193Y,,,1.49723465,,,,P51580
TPMT,A,G,194,194,,G,A,,,G194A,,,0.838973818,,,,P51580
TPMT,A,G,194,194,,G,C,,,G194C,,,0.920454761,,,,P51580
TPMT,A,G,194,194,,G,E,,,G194E,,,0.630025822,,,,P51580
TPMT,A,G,194,194,,G,K,,,G194K,,,1.025089988,,,,P51580
TPMT,A,G,194,194,,G,L,,,G194L,,,0.714123263,,,,P51580
TPMT,A,G,194,194,,G,M,,,G194M,,,0.687072426,,,,P51580
TPMT,A,G,194,194,,G,P,,,G194P,,,0.82687913,,,,P51580
TPMT,A,G,194,194,,G,Q,,,G194Q,,,0.622888518,,,,P51580
TPMT,A,G,194,194,,G,R,,,G194R,,,0.674406623,,,,P51580
TPMT,A,G,194,194,,G,S,,,G194S,,,0.761127442,,,,P51580
TPMT,A,G,194,194,,G,T,,,G194T,,,0.91629035,,,,P51580
TPMT,A,G,194,194,,G,V,,,G194V,,,0.545233417,,,,P51580
TPMT,A,G,194,194,,G,W,,,G194W,,,0.620387604,,,,P51580
TPMT,A,G,194,194,,G,Y,,,G194Y,,,1.06203306,,,,P51580
TPMT,A,P,195,195,,P,A,,,P195A,,,0.403338244,,,,P51580
TPMT,A,P,195,195,,P,E,,,P195E,,,0.68571061,,,,P51580
TPMT,A,P,195,195,,P,F,,,P195F,,,0.492832514,,,,P51580
TPMT,A,P,195,195,,P,G,,,P195G,,,0.860291041,,,,P51580
TPMT,A,P,195,195,,P,M,,,P195M,,,-0.232725711,,,,P51580
TPMT,A,P,195,195,,P,Q,,,P195Q,,,1.421549705,,,,P51580
TPMT,A,P,195,195,,P,R,,,P195R,,,0.438846387,,,,P51580
TPMT,A,P,195,195,,P,T,,,P195T,,,0.659106422,,,,P51580
TPMT,A,P,195,195,,P,V,,,P195V,,,0.684443638,,,,P51580
TPMT,A,P,195,195,,P,W,,,P195W,,,0.443532112,,,,P51580
TPMT,A,P,196,196,,P,A,,,P196A,,,1.068068,,,,P51580
TPMT,A,P,196,196,,P,C,,,P196C,,,0.260061711,,,,P51580
TPMT,A,P,196,196,,P,D,,,P196D,,,0.507737798,,,,P51580
TPMT,A,P,196,196,,P,E,,,P196E,,,-0.101650984,,,,P51580
TPMT,A,P,196,196,,P,F,,,P196F,,,0.087095988,,,,P51580
TPMT,A,P,196,196,,P,G,,,P196G,,,0.627601223,,,,P51580
TPMT,A,P,196,196,,P,I,,,P196I,,,-0.214217474,,,,P51580
TPMT,A,P,196,196,,P,K,,,P196K,,,0.196608376,,,,P51580
TPMT,A,P,196,196,,P,L,,,P196L,,,0.538407971,,,,P51580
TPMT,A,P,196,196,,P,M,,,P196M,,,-0.285528931,,,,P51580
TPMT,A,P,196,196,,P,Q,,,P196Q,,,0.075151293,,,,P51580
TPMT,A,P,196,196,,P,R,,,P196R,,,0.867207671,,,,P51580
TPMT,A,P,196,196,,P,S,,,P196S,,,0.850967485,,,,P51580
TPMT,A,P,196,196,,P,W,,,P196W,,,0.433875299,,,,P51580
TPMT,A,F,197,197,,F,A,,,F197A,,,1.23252497,,,,P51580
TPMT,A,F,197,197,,F,E,,,F197E,,,0.488269873,,,,P51580
TPMT,A,F,197,197,,F,G,,,F197G,,,0.438868828,,,,P51580
TPMT,A,F,197,197,,F,H,,,F197H,,,0.775898691,,,,P51580
TPMT,A,F,197,197,,F,I,,,F197I,,,1.568002808,,,,P51580
TPMT,A,F,197,197,,F,K,,,F197K,,,0.892318484,,,,P51580
TPMT,A,F,197,197,,F,L,,,F197L,,,0.652874718,,,,P51580
TPMT,A,F,197,197,,F,M,,,F197M,,,0.662533412,,,,P51580
TPMT,A,F,197,197,,F,N,,,F197N,,,0.381219217,,,,P51580
TPMT,A,F,197,197,,F,P,,,F197P,,,0.69482405,,,,P51580
TPMT,A,F,197,197,,F,R,,,F197R,,,0.37505137,,,,P51580
TPMT,A,F,197,197,,F,S,,,F197S,,,0.068910668,,,,P51580
TPMT,A,F,197,197,,F,T,,,F197T,,,0.737728574,,,,P51580
TPMT,A,F,197,197,,F,V,,,F197V,,,0.237465422,,,,P51580
TPMT,A,F,197,197,,F,W,,,F197W,,,0.702942023,,,,P51580
TPMT,A,Y,198,198,,Y,A,,,Y198A,,,0.788150223,,,,P51580
TPMT,A,Y,198,198,,Y,C,,,Y198C,,,0.604514672,,,,P51580
TPMT,A,Y,198,198,,Y,E,,,Y198E,,,0.457626714,,,,P51580
TPMT,A,Y,198,198,,Y,F,,,Y198F,,,1.759654537,,,,P51580
TPMT,A,Y,198,198,,Y,G,,,Y198G,,,0.621428347,,,,P51580
TPMT,A,Y,198,198,,Y,H,,,Y198H,,,0.240058051,,,,P51580
TPMT,A,Y,198,198,,Y,I,,,Y198I,,,1.241506004,,,,P51580
TPMT,A,Y,198,198,,Y,K,,,Y198K,,,1.217011766,,,,P51580
TPMT,A,Y,198,198,,Y,L,,,Y198L,,,1.546033525,,,,P51580
TPMT,A,Y,198,198,,Y,M,,,Y198M,,,1.37853543,,,,P51580
TPMT,A,Y,198,198,,Y,N,,,Y198N,,,1.223140015,,,,P51580
TPMT,A,Y,198,198,,Y,P,,,Y198P,,,1.245100391,,,,P51580
TPMT,A,Y,198,198,,Y,Q,,,Y198Q,,,0.301799699,,,,P51580
TPMT,A,Y,198,198,,Y,S,,,Y198S,,,0.365703323,,,,P51580
TPMT,A,Y,198,198,,Y,T,,,Y198T,,,0.680306242,,,,P51580
TPMT,A,Y,198,198,,Y,V,,,Y198V,,,1.506650844,,,,P51580
TPMT,A,Y,198,198,,Y,W,,,Y198W,,,0.632119005,,,,P51580
TPMT,A,V,199,199,,V,A,,,V199A,,,0.728665482,,,,P51580
TPMT,A,V,199,199,,V,D,,,V199D,,,-0.324620007,,,,P51580
TPMT,A,V,199,199,,V,E,,,V199E,,,0.161491706,,,,P51580
TPMT,A,V,199,199,,V,F,,,V199F,,,0.558169416,,,,P51580
TPMT,A,V,199,199,,V,K,,,V199K,,,-0.076758405,,,,P51580
TPMT,A,V,199,199,,V,L,,,V199L,,,1.330493769,,,,P51580
TPMT,A,V,199,199,,V,M,,,V199M,,,0.800033441,,,,P51580
TPMT,A,V,199,199,,V,P,,,V199P,,,0.781361063,,,,P51580
TPMT,A,V,199,199,,V,Q,,,V199Q,,,0.064200763,,,,P51580
TPMT,A,V,199,199,,V,R,,,V199R,,,0.53825156,,,,P51580
TPMT,A,V,199,199,,V,S,,,V199S,,,0.120832382,,,,P51580
TPMT,A,V,199,199,,V,T,,,V199T,,,0.967959419,,,,P51580
TPMT,A,V,199,199,,V,W,,,V199W,,,-0.057337796,,,,P51580
TPMT,A,P,200,200,,P,A,,,P200A,,,0.777949892,,,,P51580
TPMT,A,P,200,200,,P,C,,,P200C,,,0.81773275,,,,P51580
TPMT,A,P,200,200,,P,F,,,P200F,,,0.074266391,,,,P51580
TPMT,A,P,200,200,,P,G,,,P200G,,,1.495359807,,,,P51580
TPMT,A,P,200,200,,P,H,,,P200H,,,1.615867169,,,,P51580
TPMT,A,P,200,200,,P,I,,,P200I,,,0.858293081,,,,P51580
TPMT,A,P,200,200,,P,L,,,P200L,,,0.253236497,,,,P51580
TPMT,A,P,200,200,,P,N,,,P200N,,,2.002489885,,,,P51580
TPMT,A,P,200,200,,P,R,,,P200R,,,1.239687298,,,,P51580
TPMT,A,P,200,200,,P,S,,,P200S,,,1.298567154,,,,P51580
TPMT,A,P,200,200,,P,V,,,P200V,,,0.481472199,,,,P51580
TPMT,A,H,201,201,,H,A,,,H201A,,,0.240060115,,,,P51580
TPMT,A,H,201,201,,H,C,,,H201C,,,0.751661543,,,,P51580
TPMT,A,H,201,201,,H,E,,,H201E,,,1.391428287,,,,P51580
TPMT,A,H,201,201,,H,I,,,H201I,,,0.361628698,,,,P51580
TPMT,A,H,201,201,,H,K,,,H201K,,,1.913130689,,,,P51580
TPMT,A,H,201,201,,H,L,,,H201L,,,0.783214818,,,,P51580
TPMT,A,H,201,201,,H,M,,,H201M,,,0.963939239,,,,P51580
TPMT,A,H,201,201,,H,P,,,H201P,,,1.34570228,,,,P51580
TPMT,A,H,201,201,,H,Q,,,H201Q,,,1.558644484,,,,P51580
TPMT,A,H,201,201,,H,R,,,H201R,,,1.28940108,,,,P51580
TPMT,A,H,201,201,,H,S,,,H201S,,,1.467342944,,,,P51580
TPMT,A,H,201,201,,H,T,,,H201T,,,0.982280469,,,,P51580
TPMT,A,H,201,201,,H,V,,,H201V,,,1.301841362,,,,P51580
TPMT,A,H,201,201,,H,W,,,H201W,,,1.036082969,,,,P51580
TPMT,A,H,201,201,,H,Y,,,H201Y,,,1.588288154,,,,P51580
TPMT,A,A,202,202,,A,C,,,A202C,,,1.182561781,,,,P51580
TPMT,A,A,202,202,,A,D,,,A202D,,,0.733501803,,,,P51580
TPMT,A,A,202,202,,A,E,,,A202E,,,1.839637601,,,,P51580
TPMT,A,A,202,202,,A,F,,,A202F,,,1.430982453,,,,P51580
TPMT,A,A,202,202,,A,G,,,A202G,,,0.859722955,,,,P51580
TPMT,A,A,202,202,,A,K,,,A202K,,,1.573815901,,,,P51580
TPMT,A,A,202,202,,A,L,,,A202L,,,0.667860518,,,,P51580
TPMT,A,A,202,202,,A,M,,,A202M,,,0.962508735,,,,P51580
TPMT,A,A,202,202,,A,N,,,A202N,,,0.879585539,,,,P51580
TPMT,A,A,202,202,,A,P,,,A202P,,,0.265672505,,,,P51580
TPMT,A,A,202,202,,A,Q,,,A202Q,,,0.980838937,,,,P51580
TPMT,A,A,202,202,,A,R,,,A202R,,,1.251199029,,,,P51580
TPMT,A,A,202,202,,A,S,,,A202S,,,1.272292662,,,,P51580
TPMT,A,A,202,202,,A,T,,,A202T,,,0.751503956,,,,P51580
TPMT,A,A,202,202,,A,V,,,A202V,,,1.012627791,,,,P51580
TPMT,A,A,202,202,,A,W,,,A202W,,,1.005147164,,,,P51580
TPMT,A,A,202,202,,A,Y,,,A202Y,,,1.232492199,,,,P51580
TPMT,A,E,203,203,,E,A,,,E203A,,,0.754912996,,,,P51580
TPMT,A,E,203,203,,E,C,,,E203C,,,0.842843311,,,,P51580
TPMT,A,E,203,203,,E,F,,,E203F,,,0.764772366,,,,P51580
TPMT,A,E,203,203,,E,G,,,E203G,,,0.460053403,,,,P51580
TPMT,A,E,203,203,,E,I,,,E203I,,,1.261970139,,,,P51580
TPMT,A,E,203,203,,E,K,,,E203K,,,0.631374078,,,,P51580
TPMT,A,E,203,203,,E,L,,,E203L,,,1.348426749,,,,P51580
TPMT,A,E,203,203,,E,M,,,E203M,,,1.786226992,,,,P51580
TPMT,A,E,203,203,,E,N,,,E203N,,,0.953310235,,,,P51580
TPMT,A,E,203,203,,E,P,,,E203P,,,0.766207915,,,,P51580
TPMT,A,E,203,203,,E,Q,,,E203Q,,,0.683001334,,,,P51580
TPMT,A,E,203,203,,E,R,,,E203R,,,0.307511568,,,,P51580
TPMT,A,E,203,203,,E,S,,,E203S,,,0.84438797,,,,P51580
TPMT,A,E,203,203,,E,V,,,E203V,,,0.993451587,,,,P51580
TPMT,A,E,203,203,,E,W,,,E203W,,,0.305683627,,,,P51580
TPMT,A,E,203,203,,E,Y,,,E203Y,,,1.209855515,,,,P51580
TPMT,A,I,204,204,,I,A,,,I204A,,,-0.487036194,,,,P51580
TPMT,A,I,204,204,,I,E,,,I204E,,,0.143235802,,,,P51580
TPMT,A,I,204,204,,I,G,,,I204G,,,0.02713215,,,,P51580
TPMT,A,I,204,204,,I,P,,,I204P,,,-0.063584464,,,,P51580
TPMT,A,I,204,204,,I,Q,,,I204Q,,,-0.139251097,,,,P51580
TPMT,A,I,204,204,,I,R,,,I204R,,,-0.028379229,,,,P51580
TPMT,A,I,204,204,,I,V,,,I204V,,,0.805196906,,,,P51580
TPMT,A,I,204,204,,I,W,,,I204W,,,0.240362263,,,,P51580
TPMT,A,E,205,205,,E,A,,,E205A,,,1.499463641,,,,P51580
TPMT,A,E,205,205,,E,C,,,E205C,,,1.151348774,,,,P51580
TPMT,A,E,205,205,,E,D,,,E205D,,,1.15072074,,,,P51580
TPMT,A,E,205,205,,E,F,,,E205F,,,0.914435501,,,,P51580
TPMT,A,E,205,205,,E,H,,,E205H,,,1.462422934,,,,P51580
TPMT,A,E,205,205,,E,I,,,E205I,,,0.797994704,,,,P51580
TPMT,A,E,205,205,,E,K,,,E205K,,,0.27321133,,,,P51580
TPMT,A,E,205,205,,E,L,,,E205L,,,1.414634345,,,,P51580
TPMT,A,E,205,205,,E,M,,,E205M,,,0.686144396,,,,P51580
TPMT,A,E,205,205,,E,P,,,E205P,,,0.611889403,,,,P51580
TPMT,A,E,205,205,,E,Q,,,E205Q,,,0.912515015,,,,P51580
TPMT,A,E,205,205,,E,R,,,E205R,,,0.794678728,,,,P51580
TPMT,A,E,205,205,,E,S,,,E205S,,,0.872025673,,,,P51580
TPMT,A,E,205,205,,E,T,,,E205T,,,0.958739035,,,,P51580
TPMT,A,E,205,205,,E,V,,,E205V,,,0.960748406,,,,P51580
TPMT,A,E,205,205,,E,W,,,E205W,,,1.050654809,,,,P51580
TPMT,A,E,205,205,,E,Y,,,E205Y,,,0.174755392,,,,P51580
TPMT,A,R,206,206,,R,A,,,R206A,,,1.376100486,,,,P51580
TPMT,A,R,206,206,,R,C,,,R206C,,,0.484145154,,,,P51580
TPMT,A,R,206,206,,R,D,,,R206D,,,0.560285275,,,,P51580
TPMT,A,R,206,206,,R,E,,,R206E,,,0.917203719,,,,P51580
TPMT,A,R,206,206,,R,G,,,R206G,,,0.956022336,,,,P51580
TPMT,A,R,206,206,,R,K,,,R206K,,,1.475298361,,,,P51580
TPMT,A,R,206,206,,R,M,,,R206M,,,1.188607117,,,,P51580
TPMT,A,R,206,206,,R,N,,,R206N,,,-0.088206937,,,,P51580
TPMT,A,R,206,206,,R,P,,,R206P,,,0.47644868,,,,P51580
TPMT,A,R,206,206,,R,S,,,R206S,,,0.796847987,,,,P51580
TPMT,A,R,206,206,,R,T,,,R206T,,,1.007859253,,,,P51580
TPMT,A,R,206,206,,R,V,,,R206V,,,0.680971193,,,,P51580
TPMT,A,R,206,206,,R,W,,,R206W,,,1.157485382,,,,P51580
TPMT,A,R,206,206,,R,Y,,,R206Y,,,1.531984501,,,,P51580
TPMT,A,L,207,207,,L,C,,,L207C,,,1.399206288,,,,P51580
TPMT,A,L,207,207,,L,D,,,L207D,,,0.586258357,,,,P51580
TPMT,A,L,207,207,,L,E,,,L207E,,,0.452366031,,,,P51580
TPMT,A,L,207,207,,L,G,,,L207G,,,0.088778578,,,,P51580
TPMT,A,L,207,207,,L,H,,,L207H,,,-0.074097361,,,,P51580
TPMT,A,L,207,207,,L,I,,,L207I,,,0.862760747,,,,P51580
TPMT,A,L,207,207,,L,K,,,L207K,,,0.461789605,,,,P51580
TPMT,A,L,207,207,,L,M,,,L207M,,,1.19874031,,,,P51580
TPMT,A,L,207,207,,L,P,,,L207P,,,-0.410451098,,,,P51580
TPMT,A,L,207,207,,L,Q,,,L207Q,,,0.033028725,,,,P51580
TPMT,A,L,207,207,,L,R,,,L207R,,,0.585626171,,,,P51580
TPMT,A,L,207,207,,L,S,,,L207S,,,0.260359746,,,,P51580
TPMT,A,L,207,207,,L,T,,,L207T,,,0.957107218,,,,P51580
TPMT,A,L,207,207,,L,V,,,L207V,,,0.798548403,,,,P51580
TPMT,A,L,207,207,,L,W,,,L207W,,,0.933500757,,,,P51580
TPMT,A,L,207,207,,L,Y,,,L207Y,,,0.60129685,,,,P51580
TPMT,A,F,208,208,,F,A,,,F208A,,,0.467198499,,,,P51580
TPMT,A,F,208,208,,F,C,,,F208C,,,0.295585413,,,,P51580
TPMT,A,F,208,208,,F,D,,,F208D,,,-0.44833111,,,,P51580
TPMT,A,F,208,208,,F,E,,,F208E,,,-0.132713564,,,,P51580
TPMT,A,F,208,208,,F,G,,,F208G,,,-0.14031165,,,,P51580
TPMT,A,F,208,208,,F,H,,,F208H,,,-0.554132233,,,,P51580
TPMT,A,F,208,208,,F,I,,,F208I,,,0.198870699,,,,P51580
TPMT,A,F,208,208,,F,K,,,F208K,,,0.071434008,,,,P51580
TPMT,A,F,208,208,,F,L,,,F208L,,,0.278001196,,,,P51580
TPMT,A,F,208,208,,F,M,,,F208M,,,1.27344001,,,,P51580
TPMT,A,F,208,208,,F,N,,,F208N,,,-0.485225692,,,,P51580
TPMT,A,F,208,208,,F,P,,,F208P,,,-0.152303548,,,,P51580
TPMT,A,F,208,208,,F,Q,,,F208Q,,,-0.04928735,,,,P51580
TPMT,A,F,208,208,,F,R,,,F208R,,,-0.286830733,,,,P51580
TPMT,A,F,208,208,,F,S,,,F208S,,,-0.320473061,,,,P51580
TPMT,A,F,208,208,,F,T,,,F208T,,,0.37240948,,,,P51580
TPMT,A,F,208,208,,F,V,,,F208V,,,0.943853283,,,,P51580
TPMT,A,F,208,208,,F,W,,,F208W,,,0.960657028,,,,P51580
TPMT,A,F,208,208,,F,Y,,,F208Y,,,0.837267401,,,,P51580
TPMT,A,G,209,209,,G,A,,,G209A,,,1.175448557,,,,P51580
TPMT,A,G,209,209,,G,C,,,G209C,,,0.586299472,,,,P51580
TPMT,A,G,209,209,,G,D,,,G209D,,,1.278716443,,,,P51580
TPMT,A,G,209,209,,G,E,,,G209E,,,0.875836595,,,,P51580
TPMT,A,G,209,209,,G,F,,,G209F,,,0.729904491,,,,P51580
TPMT,A,G,209,209,,G,I,,,G209I,,,0.192368676,,,,P51580
TPMT,A,G,209,209,,G,K,,,G209K,,,0.873686033,,,,P51580
TPMT,A,G,209,209,,G,L,,,G209L,,,0.777684639,,,,P51580
TPMT,A,G,209,209,,G,P,,,G209P,,,0.42429114,,,,P51580
TPMT,A,G,209,209,,G,Q,,,G209Q,,,1.519573649,,,,P51580
TPMT,A,G,209,209,,G,R,,,G209R,,,0.803799639,,,,P51580
TPMT,A,G,209,209,,G,S,,,G209S,,,0.708796867,,,,P51580
TPMT,A,G,209,209,,G,T,,,G209T,,,1.288171645,,,,P51580
TPMT,A,G,209,209,,G,V,,,G209V,,,0.717751304,,,,P51580
TPMT,A,G,209,209,,G,W,,,G209W,,,0.864028892,,,,P51580
TPMT,A,G,209,209,,G,Y,,,G209Y,,,1.24041648,,,,P51580
TPMT,A,K,210,210,,K,A,,,K210A,,,1.182871151,,,,P51580
TPMT,A,K,210,210,,K,C,,,K210C,,,0.886756731,,,,P51580
TPMT,A,K,210,210,,K,D,,,K210D,,,0.957272626,,,,P51580
TPMT,A,K,210,210,,K,E,,,K210E,,,0.87781268,,,,P51580
TPMT,A,K,210,210,,K,F,,,K210F,,,1.186934135,,,,P51580
TPMT,A,K,210,210,,K,G,,,K210G,,,0.896417875,,,,P51580
TPMT,A,K,210,210,,K,H,,,K210H,,,0.461631921,,,,P51580
TPMT,A,K,210,210,,K,I,,,K210I,,,1.777139784,,,,P51580
TPMT,A,K,210,210,,K,L,,,K210L,,,1.435185959,,,,P51580
TPMT,A,K,210,210,,K,M,,,K210M,,,1.24490753,,,,P51580
TPMT,A,K,210,210,,K,N,,,K210N,,,0.861500623,,,,P51580
TPMT,A,K,210,210,,K,P,,,K210P,,,1.451911696,,,,P51580
TPMT,A,K,210,210,,K,Q,,,K210Q,,,1.126590318,,,,P51580
TPMT,A,K,210,210,,K,R,,,K210R,,,1.229078355,,,,P51580
TPMT,A,K,210,210,,K,S,,,K210S,,,1.185692476,,,,P51580
TPMT,A,K,210,210,,K,T,,,K210T,,,1.416605751,,,,P51580
TPMT,A,K,210,210,,K,V,,,K210V,,,0.467031432,,,,P51580
TPMT,A,K,210,210,,K,W,,,K210W,,,1.022663505,,,,P51580
TPMT,A,K,210,210,,K,Y,,,K210Y,,,1.22838351,,,,P51580
TPMT,A,I,211,211,,I,A,,,I211A,,,1.415508858,,,,P51580
TPMT,A,I,211,211,,I,C,,,I211C,,,1.781566666,,,,P51580
TPMT,A,I,211,211,,I,D,,,I211D,,,1.409975225,,,,P51580
TPMT,A,I,211,211,,I,E,,,I211E,,,0.419179353,,,,P51580
TPMT,A,I,211,211,,I,F,,,I211F,,,1.400680128,,,,P51580
TPMT,A,I,211,211,,I,G,,,I211G,,,1.028139387,,,,P51580
TPMT,A,I,211,211,,I,K,,,I211K,,,1.04706231,,,,P51580
TPMT,A,I,211,211,,I,L,,,I211L,,,0.722024191,,,,P51580
TPMT,A,I,211,211,,I,M,,,I211M,,,1.850727606,,,,P51580
TPMT,A,I,211,211,,I,N,,,I211N,,,0.875049993,,,,P51580
TPMT,A,I,211,211,,I,P,,,I211P,,,0.787825331,,,,P51580
TPMT,A,I,211,211,,I,Q,,,I211Q,,,1.176016328,,,,P51580
TPMT,A,I,211,211,,I,R,,,I211R,,,0.986555439,,,,P51580
TPMT,A,I,211,211,,I,S,,,I211S,,,1.456405219,,,,P51580
TPMT,A,I,211,211,,I,T,,,I211T,,,0.268793491,,,,P51580
TPMT,A,I,211,211,,I,V,,,I211V,,,1.555722024,,,,P51580
TPMT,A,I,211,211,,I,W,,,I211W,,,1.358146869,,,,P51580
TPMT,A,I,211,211,,I,Y,,,I211Y,,,0.293687401,,,,P51580
TPMT,A,C,212,212,,C,A,,,C212A,,,1.151363721,,,,P51580
TPMT,A,C,212,212,,C,D,,,C212D,,,-0.1507279,,,,P51580
TPMT,A,C,212,212,,C,E,,,C212E,,,0.295521119,,,,P51580
TPMT,A,C,212,212,,C,F,,,C212F,,,0.351141282,,,,P51580
TPMT,A,C,212,212,,C,G,,,C212G,,,0.97349965,,,,P51580
TPMT,A,C,212,212,,C,H,,,C212H,,,-0.545672539,,,,P51580
TPMT,A,C,212,212,,C,L,,,C212L,,,0.876888906,,,,P51580
TPMT,A,C,212,212,,C,M,,,C212M,,,0.845548227,,,,P51580
TPMT,A,C,212,212,,C,P,,,C212P,,,0.089327782,,,,P51580
TPMT,A,C,212,212,,C,Q,,,C212Q,,,1.013948968,,,,P51580
TPMT,A,C,212,212,,C,R,,,C212R,,,0.602048232,,,,P51580
TPMT,A,C,212,212,,C,S,,,C212S,,,0.83889466,,,,P51580
TPMT,A,C,212,212,,C,T,,,C212T,,,1.263329238,,,,P51580
TPMT,A,C,212,212,,C,V,,,C212V,,,1.025363767,,,,P51580
TPMT,A,C,212,212,,C,W,,,C212W,,,0.517987422,,,,P51580
TPMT,A,C,212,212,,C,Y,,,C212Y,,,1.22488038,,,,P51580
TPMT,A,N,213,213,,N,A,,,N213A,,,1.149122756,,,,P51580
TPMT,A,N,213,213,,N,C,,,N213C,,,1.179450253,,,,P51580
TPMT,A,N,213,213,,N,D,,,N213D,,,1.230403097,,,,P51580
TPMT,A,N,213,213,,N,E,,,N213E,,,0.618119292,,,,P51580
TPMT,A,N,213,213,,N,F,,,N213F,,,0.86676954,,,,P51580
TPMT,A,N,213,213,,N,G,,,N213G,,,1.150683049,,,,P51580
TPMT,A,N,213,213,,N,L,,,N213L,,,0.239764151,,,,P51580
TPMT,A,N,213,213,,N,P,,,N213P,,,0.206829224,,,,P51580
TPMT,A,N,213,213,,N,Q,,,N213Q,,,0.93164402,,,,P51580
TPMT,A,N,213,213,,N,R,,,N213R,,,1.137647291,,,,P51580
TPMT,A,N,213,213,,N,T,,,N213T,,,0.828689715,,,,P51580
TPMT,A,N,213,213,,N,V,,,N213V,,,1.176546925,,,,P51580
TPMT,A,N,213,213,,N,W,,,N213W,,,0.629723053,,,,P51580
TPMT,A,N,213,213,,N,Y,,,N213Y,,,1.339162668,,,,P51580
TPMT,A,I,214,214,,I,A,,,I214A,,,0.903798829,,,,P51580
TPMT,A,I,214,214,,I,C,,,I214C,,,1.708690219,,,,P51580
TPMT,A,I,214,214,,I,D,,,I214D,,,0.017211238,,,,P51580
TPMT,A,I,214,214,,I,E,,,I214E,,,0.634091124,,,,P51580
TPMT,A,I,214,214,,I,F,,,I214F,,,0.435407018,,,,P51580
TPMT,A,I,214,214,,I,G,,,I214G,,,-0.015788949,,,,P51580
TPMT,A,I,214,214,,I,L,,,I214L,,,0.879079233,,,,P51580
TPMT,A,I,214,214,,I,P,,,I214P,,,0.138939269,,,,P51580
TPMT,A,I,214,214,,I,Q,,,I214Q,,,0.655749571,,,,P51580
TPMT,A,I,214,214,,I,R,,,I214R,,,0.114388974,,,,P51580
TPMT,A,I,214,214,,I,S,,,I214S,,,0.508220908,,,,P51580
TPMT,A,I,214,214,,I,T,,,I214T,,,0.679232683,,,,P51580
TPMT,A,I,214,214,,I,V,,,I214V,,,0.710951496,,,,P51580
TPMT,A,I,214,214,,I,W,,,I214W,,,0.464557724,,,,P51580
TPMT,A,I,214,214,,I,Y,,,I214Y,,,-0.390717481,,,,P51580
TPMT,A,R,215,215,,R,A,,,R215A,,,1.05702538,,,,P51580
TPMT,A,R,215,215,,R,C,,,R215C,,,1.240461008,,,,P51580
TPMT,A,R,215,215,,R,E,,,R215E,,,1.152677988,,,,P51580
TPMT,A,R,215,215,,R,F,,,R215F,,,0.076447477,,,,P51580
TPMT,A,R,215,215,,R,G,,,R215G,,,1.200413515,,,,P51580
TPMT,A,R,215,215,,R,H,,,R215H,,,1.296485819,,,,P51580
TPMT,A,R,215,215,,R,I,,,R215I,,,1.738448755,,,,P51580
TPMT,A,R,215,215,,R,K,,,R215K,,,1.227293211,,,,P51580
TPMT,A,R,215,215,,R,L,,,R215L,,,1.466441426,,,,P51580
TPMT,A,R,215,215,,R,M,,,R215M,,,0.806319318,,,,P51580
TPMT,A,R,215,215,,R,N,,,R215N,,,1.252865544,,,,P51580
TPMT,A,R,215,215,,R,P,,,R215P,,,-0.025684396,,,,P51580
TPMT,A,R,215,215,,R,Q,,,R215Q,,,1.214384229,,,,P51580
TPMT,A,R,215,215,,R,S,,,R215S,,,0.575957079,,,,P51580
TPMT,A,R,215,215,,R,T,,,R215T,,,1.047482416,,,,P51580
TPMT,A,R,215,215,,R,V,,,R215V,,,0.729741008,,,,P51580
TPMT,A,R,215,215,,R,W,,,R215W,,,1.00597597,,,,P51580
TPMT,A,R,215,215,,R,Y,,,R215Y,,,1.295208996,,,,P51580
TPMT,A,C,216,216,,C,A,,,C216A,,,0.8734954,,,,P51580
TPMT,A,C,216,216,,C,D,,,C216D,,,0.688629463,,,,P51580
TPMT,A,C,216,216,,C,E,,,C216E,,,1.266219308,,,,P51580
TPMT,A,C,216,216,,C,F,,,C216F,,,0.995351357,,,,P51580
TPMT,A,C,216,216,,C,G,,,C216G,,,0.771126781,,,,P51580
TPMT,A,C,216,216,,C,I,,,C216I,,,0.298315514,,,,P51580
TPMT,A,C,216,216,,C,K,,,C216K,,,1.492726333,,,,P51580
TPMT,A,C,216,216,,C,L,,,C216L,,,0.783043131,,,,P51580
TPMT,A,C,216,216,,C,M,,,C216M,,,1.553222951,,,,P51580
TPMT,A,C,216,216,,C,N,,,C216N,,,1.574360225,,,,P51580
TPMT,A,C,216,216,,C,P,,,C216P,,,1.231112246,,,,P51580
TPMT,A,C,216,216,,C,Q,,,C216Q,,,1.149306589,,,,P51580
TPMT,A,C,216,216,,C,R,,,C216R,,,1.084281273,,,,P51580
TPMT,A,C,216,216,,C,S,,,C216S,,,0.841814942,,,,P51580
TPMT,A,C,216,216,,C,T,,,C216T,,,1.088880059,,,,P51580
TPMT,A,C,216,216,,C,V,,,C216V,,,1.313919257,,,,P51580
TPMT,A,C,216,216,,C,W,,,C216W,,,0.889100023,,,,P51580
TPMT,A,L,217,217,,L,A,,,L217A,,,0.840905589,,,,P51580
TPMT,A,L,217,217,,L,C,,,L217C,,,0.997498941,,,,P51580
TPMT,A,L,217,217,,L,D,,,L217D,,,0.219408211,,,,P51580
TPMT,A,L,217,217,,L,E,,,L217E,,,0.580254649,,,,P51580
TPMT,A,L,217,217,,L,F,,,L217F,,,0.726788284,,,,P51580
TPMT,A,L,217,217,,L,G,,,L217G,,,0.064014474,,,,P51580
TPMT,A,L,217,217,,L,H,,,L217H,,,0.001648759,,,,P51580
TPMT,A,L,217,217,,L,I,,,L217I,,,0.940807128,,,,P51580
TPMT,A,L,217,217,,L,K,,,L217K,,,1.484042583,,,,P51580
TPMT,A,L,217,217,,L,M,,,L217M,,,1.121509442,,,,P51580
TPMT,A,L,217,217,,L,P,,,L217P,,,-0.250323616,,,,P51580
TPMT,A,L,217,217,,L,Q,,,L217Q,,,0.690682357,,,,P51580
TPMT,A,L,217,217,,L,R,,,L217R,,,0.430029569,,,,P51580
TPMT,A,L,217,217,,L,S,,,L217S,,,0.699290638,,,,P51580
TPMT,A,L,217,217,,L,T,,,L217T,,,0.799087391,,,,P51580
TPMT,A,L,217,217,,L,V,,,L217V,,,1.004856437,,,,P51580
TPMT,A,L,217,217,,L,W,,,L217W,,,0.667475677,,,,P51580
TPMT,A,L,217,217,,L,Y,,,L217Y,,,1.13899052,,,,P51580
TPMT,A,E,218,218,,E,A,,,E218A,,,1.058567421,,,,P51580
TPMT,A,E,218,218,,E,C,,,E218C,,,1.160442793,,,,P51580
TPMT,A,E,218,218,,E,D,,,E218D,,,0.581869817,,,,P51580
TPMT,A,E,218,218,,E,F,,,E218F,,,0.738889884,,,,P51580
TPMT,A,E,218,218,,E,H,,,E218H,,,1.433080763,,,,P51580
TPMT,A,E,218,218,,E,I,,,E218I,,,0.721050075,,,,P51580
TPMT,A,E,218,218,,E,L,,,E218L,,,0.852984799,,,,P51580
TPMT,A,E,218,218,,E,M,,,E218M,,,1.095424891,,,,P51580
TPMT,A,E,218,218,,E,N,,,E218N,,,0.871367926,,,,P51580
TPMT,A,E,218,218,,E,P,,,E218P,,,0.573502476,,,,P51580
TPMT,A,E,218,218,,E,Q,,,E218Q,,,0.776471448,,,,P51580
TPMT,A,E,218,218,,E,R,,,E218R,,,0.452965483,,,,P51580
TPMT,A,E,218,218,,E,S,,,E218S,,,0.117735565,,,,P51580
TPMT,A,E,218,218,,E,T,,,E218T,,,0.885678139,,,,P51580
TPMT,A,E,218,218,,E,V,,,E218V,,,1.079027243,,,,P51580
TPMT,A,E,218,218,,E,W,,,E218W,,,0.858004015,,,,P51580
TPMT,A,E,218,218,,E,Y,,,E218Y,,,1.090490056,,,,P51580
TPMT,A,K,219,219,,K,A,,,K219A,,,1.144907884,,,,P51580
TPMT,A,K,219,219,,K,C,,,K219C,,,2.197922935,,,,P51580
TPMT,A,K,219,219,,K,D,,,K219D,,,0.673632465,,,,P51580
TPMT,A,K,219,219,,K,E,,,K219E,,,1.533878011,,,,P51580
TPMT,A,K,219,219,,K,F,,,K219F,,,0.697628709,,,,P51580
TPMT,A,K,219,219,,K,G,,,K219G,,,0.971502,,,,P51580
TPMT,A,K,219,219,,K,L,,,K219L,,,0.572580966,,,,P51580
TPMT,A,K,219,219,,K,N,,,K219N,,,0.494663394,,,,P51580
TPMT,A,K,219,219,,K,P,,,K219P,,,0.512192599,,,,P51580
TPMT,A,K,219,219,,K,Q,,,K219Q,,,0.92573849,,,,P51580
TPMT,A,K,219,219,,K,R,,,K219R,,,1.36186872,,,,P51580
TPMT,A,K,219,219,,K,S,,,K219S,,,1.404587054,,,,P51580
TPMT,A,K,219,219,,K,T,,,K219T,,,1.695751621,,,,P51580
TPMT,A,K,219,219,,K,V,,,K219V,,,0.940892055,,,,P51580
TPMT,A,K,219,219,,K,Y,,,K219Y,,,0.682031318,,,,P51580
TPMT,A,V,220,220,,V,A,,,V220A,,,1.028734804,,,,P51580
TPMT,A,V,220,220,,V,C,,,V220C,,,0.302007908,,,,P51580
TPMT,A,V,220,220,,V,E,,,V220E,,,1.047100897,,,,P51580
TPMT,A,V,220,220,,V,G,,,V220G,,,0.927756274,,,,P51580
TPMT,A,V,220,220,,V,K,,,V220K,,,-0.06637206,,,,P51580
TPMT,A,V,220,220,,V,L,,,V220L,,,0.719017429,,,,P51580
TPMT,A,V,220,220,,V,M,,,V220M,,,1.133548334,,,,P51580
TPMT,A,V,220,220,,V,P,,,V220P,,,0.700240912,,,,P51580
TPMT,A,V,220,220,,V,Q,,,V220Q,,,1.218575771,,,,P51580
TPMT,A,V,220,220,,V,R,,,V220R,,,0.472209898,,,,P51580
TPMT,A,V,220,220,,V,S,,,V220S,,,0.715007518,,,,P51580
TPMT,A,V,220,220,,V,T,,,V220T,,,1.613353982,,,,P51580
TPMT,A,V,220,220,,V,W,,,V220W,,,1.326186048,,,,P51580
TPMT,A,D,221,221,,D,A,,,D221A,,,0.882432848,,,,P51580
TPMT,A,D,221,221,,D,C,,,D221C,,,1.249891283,,,,P51580
TPMT,A,D,221,221,,D,E,,,D221E,,,1.108766,,,,P51580
TPMT,A,D,221,221,,D,F,,,D221F,,,0.26037069,,,,P51580
TPMT,A,D,221,221,,D,G,,,D221G,,,1.16415544,,,,P51580
TPMT,A,D,221,221,,D,I,,,D221I,,,0.298369996,,,,P51580
TPMT,A,D,221,221,,D,K,,,D221K,,,0.999732449,,,,P51580
TPMT,A,D,221,221,,D,L,,,D221L,,,1.009935864,,,,P51580
TPMT,A,D,221,221,,D,M,,,D221M,,,0.140709262,,,,P51580
TPMT,A,D,221,221,,D,N,,,D221N,,,0.547238227,,,,P51580
TPMT,A,D,221,221,,D,P,,,D221P,,,0.733927744,,,,P51580
TPMT,A,D,221,221,,D,Q,,,D221Q,,,0.430722311,,,,P51580
TPMT,A,D,221,221,,D,R,,,D221R,,,0.570634662,,,,P51580
TPMT,A,D,221,221,,D,S,,,D221S,,,0.512002602,,,,P51580
TPMT,A,D,221,221,,D,T,,,D221T,,,0.673791564,,,,P51580
TPMT,A,D,221,221,,D,V,,,D221V,,,1.213669541,,,,P51580
TPMT,A,D,221,221,,D,W,,,D221W,,,1.19315769,,,,P51580
TPMT,A,A,222,222,,A,C,,,A222C,,,1.434186598,,,,P51580
TPMT,A,A,222,222,,A,D,,,A222D,,,0.635897167,,,,P51580
TPMT,A,A,222,222,,A,E,,,A222E,,,0.812288349,,,,P51580
TPMT,A,A,222,222,,A,F,,,A222F,,,0.039316042,,,,P51580
TPMT,A,A,222,222,,A,G,,,A222G,,,1.228296217,,,,P51580
TPMT,A,A,222,222,,A,H,,,A222H,,,1.476320037,,,,P51580
TPMT,A,A,222,222,,A,I,,,A222I,,,0.23623558,,,,P51580
TPMT,A,A,222,222,,A,K,,,A222K,,,0.960755108,,,,P51580
TPMT,A,A,222,222,,A,L,,,A222L,,,1.105446717,,,,P51580
TPMT,A,A,222,222,,A,M,,,A222M,,,1.083559332,,,,P51580
TPMT,A,A,222,222,,A,P,,,A222P,,,0.940086944,,,,P51580
TPMT,A,A,222,222,,A,Q,,,A222Q,,,1.261447951,,,,P51580
TPMT,A,A,222,222,,A,R,,,A222R,,,0.892868513,,,,P51580
TPMT,A,A,222,222,,A,S,,,A222S,,,0.959819906,,,,P51580
TPMT,A,A,222,222,,A,T,,,A222T,,,1.122596735,,,,P51580
TPMT,A,A,222,222,,A,W,,,A222W,,,0.561353011,,,,P51580
TPMT,A,A,222,222,,A,Y,,,A222Y,,,1.610178174,,,,P51580
TPMT,A,F,223,223,,F,A,,,F223A,,,1.044212737,,,,P51580
TPMT,A,F,223,223,,F,C,,,F223C,,,0.81413583,,,,P51580
TPMT,A,F,223,223,,F,D,,,F223D,,,1.111388031,,,,P51580
TPMT,A,F,223,223,,F,E,,,F223E,,,0.097599713,,,,P51580
TPMT,A,F,223,223,,F,G,,,F223G,,,0.990644926,,,,P51580
TPMT,A,F,223,223,,F,I,,,F223I,,,1.426174036,,,,P51580
TPMT,A,F,223,223,,F,K,,,F223K,,,0.734505174,,,,P51580
TPMT,A,F,223,223,,F,L,,,F223L,,,1.069182177,,,,P51580
TPMT,A,F,223,223,,F,M,,,F223M,,,0.979366495,,,,P51580
TPMT,A,F,223,223,,F,N,,,F223N,,,0.996958381,,,,P51580
TPMT,A,F,223,223,,F,P,,,F223P,,,0.384089283,,,,P51580
TPMT,A,F,223,223,,F,Q,,,F223Q,,,0.138920174,,,,P51580
TPMT,A,F,223,223,,F,R,,,F223R,,,0.814273553,,,,P51580
TPMT,A,F,223,223,,F,S,,,F223S,,,1.148291171,,,,P51580
TPMT,A,F,223,223,,F,V,,,F223V,,,0.790432319,,,,P51580
TPMT,A,F,223,223,,F,W,,,F223W,,,1.392067521,,,,P51580
TPMT,A,F,223,223,,F,Y,,,F223Y,,,0.792188978,,,,P51580
TPMT,A,E,224,224,,E,A,,,E224A,,,1.295695198,,,,P51580
TPMT,A,E,224,224,,E,C,,,E224C,,,1.428424889,,,,P51580
TPMT,A,E,224,224,,E,D,,,E224D,,,0.786064006,,,,P51580
TPMT,A,E,224,224,,E,F,,,E224F,,,1.083624772,,,,P51580
TPMT,A,E,224,224,,E,H,,,E224H,,,0.890255232,,,,P51580
TPMT,A,E,224,224,,E,I,,,E224I,,,0.935717752,,,,P51580
TPMT,A,E,224,224,,E,K,,,E224K,,,1.049162376,,,,P51580
TPMT,A,E,224,224,,E,L,,,E224L,,,0.668115249,,,,P51580
TPMT,A,E,224,224,,E,M,,,E224M,,,1.122879449,,,,P51580
TPMT,A,E,224,224,,E,N,,,E224N,,,1.203437942,,,,P51580
TPMT,A,E,224,224,,E,P,,,E224P,,,0.426381725,,,,P51580
TPMT,A,E,224,224,,E,Q,,,E224Q,,,0.26321121,,,,P51580
TPMT,A,E,224,224,,E,R,,,E224R,,,0.824163309,,,,P51580
TPMT,A,E,224,224,,E,S,,,E224S,,,0.995716279,,,,P51580
TPMT,A,E,224,224,,E,T,,,E224T,,,0.314277334,,,,P51580
TPMT,A,E,224,224,,E,V,,,E224V,,,0.878863239,,,,P51580
TPMT,A,E,224,224,,E,W,,,E224W,,,0.753435161,,,,P51580
TPMT,A,E,224,224,,E,Y,,,E224Y,,,0.716007616,,,,P51580
TPMT,A,E,225,225,,E,A,,,E225A,,,0.775846956,,,,P51580
TPMT,A,E,225,225,,E,F,,,E225F,,,1.02722887,,,,P51580
TPMT,A,E,225,225,,E,G,,,E225G,,,0.767639653,,,,P51580
TPMT,A,E,225,225,,E,K,,,E225K,,,0.899627107,,,,P51580
TPMT,A,E,225,225,,E,M,,,E225M,,,0.449373323,,,,P51580
TPMT,A,E,225,225,,E,P,,,E225P,,,1.132470237,,,,P51580
TPMT,A,E,225,225,,E,Q,,,E225Q,,,0.950127876,,,,P51580
TPMT,A,E,225,225,,E,R,,,E225R,,,0.654399723,,,,P51580
TPMT,A,E,225,225,,E,S,,,E225S,,,1.212247852,,,,P51580
TPMT,A,E,225,225,,E,T,,,E225T,,,0.815327878,,,,P51580
TPMT,A,E,225,225,,E,V,,,E225V,,,1.212290418,,,,P51580
TPMT,A,E,225,225,,E,W,,,E225W,,,0.643252323,,,,P51580
TPMT,A,R,226,226,,R,A,,,R226A,,,0.715468494,,,,P51580
TPMT,A,R,226,226,,R,C,,,R226C,,,1.400039657,,,,P51580
TPMT,A,R,226,226,,R,E,,,R226E,,,1.339292478,,,,P51580
TPMT,A,R,226,226,,R,F,,,R226F,,,0.957959744,,,,P51580
TPMT,A,R,226,226,,R,G,,,R226G,,,1.125579302,,,,P51580
TPMT,A,R,226,226,,R,H,,,R226H,,,0.30850734,,,,P51580
TPMT,A,R,226,226,,R,K,,,R226K,,,1.148675408,,,,P51580
TPMT,A,R,226,226,,R,L,,,R226L,,,1.123035973,,,,P51580
TPMT,A,R,226,226,,R,M,,,R226M,,,1.216289333,,,,P51580
TPMT,A,R,226,226,,R,N,,,R226N,,,1.052367795,,,,P51580
TPMT,A,R,226,226,,R,P,,,R226P,,,0.832384481,,,,P51580
TPMT,A,R,226,226,,R,Q,,,R226Q,,,1.522321579,,,,P51580
TPMT,A,R,226,226,,R,S,,,R226S,,,1.178759731,,,,P51580
TPMT,A,R,226,226,,R,T,,,R226T,,,0.656317374,,,,P51580
TPMT,A,R,226,226,,R,V,,,R226V,,,0.703777278,,,,P51580
TPMT,A,R,226,226,,R,W,,,R226W,,,1.167117687,,,,P51580
TPMT,A,R,226,226,,R,Y,,,R226Y,,,1.157849215,,,,P51580
TPMT,A,H,227,227,,H,A,,,H227A,,,0.862423238,,,,P51580
TPMT,A,H,227,227,,H,C,,,H227C,,,0.763413568,,,,P51580
TPMT,A,H,227,227,,H,D,,,H227D,,,0.107804831,,,,P51580
TPMT,A,H,227,227,,H,E,,,H227E,,,0.828190327,,,,P51580
TPMT,A,H,227,227,,H,F,,,H227F,,,0.402045347,,,,P51580
TPMT,A,H,227,227,,H,G,,,H227G,,,0.729043982,,,,P51580
TPMT,A,H,227,227,,H,I,,,H227I,,,1.223599757,,,,P51580
TPMT,A,H,227,227,,H,K,,,H227K,,,1.088999738,,,,P51580
TPMT,A,H,227,227,,H,L,,,H227L,,,0.887271962,,,,P51580
TPMT,A,H,227,227,,H,M,,,H227M,,,1.088110975,,,,P51580
TPMT,A,H,227,227,,H,N,,,H227N,,,0.841855561,,,,P51580
TPMT,A,H,227,227,,H,P,,,H227P,,,0.678895974,,,,P51580
TPMT,A,H,227,227,,H,Q,,,H227Q,,,0.739299531,,,,P51580
TPMT,A,H,227,227,,H,R,,,H227R,,,0.903385859,,,,P51580
TPMT,A,H,227,227,,H,S,,,H227S,,,0.754600437,,,,P51580
TPMT,A,H,227,227,,H,T,,,H227T,,,1.252946559,,,,P51580
TPMT,A,H,227,227,,H,V,,,H227V,,,1.08884853,,,,P51580
TPMT,A,H,227,227,,H,W,,,H227W,,,0.723622228,,,,P51580
TPMT,A,H,227,227,,H,Y,,,H227Y,,,0.954253945,,,,P51580
TPMT,A,K,228,228,,K,A,,,K228A,,,1.240595512,,,,P51580
TPMT,A,K,228,228,,K,C,,,K228C,,,0.929570828,,,,P51580
TPMT,A,K,228,228,,K,D,,,K228D,,,1.585059321,,,,P51580
TPMT,A,K,228,228,,K,E,,,K228E,,,0.989477268,,,,P51580
TPMT,A,K,228,228,,K,G,,,K228G,,,0.630896203,,,,P51580
TPMT,A,K,228,228,,K,H,,,K228H,,,1.687749254,,,,P51580
TPMT,A,K,228,228,,K,I,,,K228I,,,0.818393442,,,,P51580
TPMT,A,K,228,228,,K,L,,,K228L,,,1.121845038,,,,P51580
TPMT,A,K,228,228,,K,M,,,K228M,,,0.158167875,,,,P51580
TPMT,A,K,228,228,,K,N,,,K228N,,,1.067020489,,,,P51580
TPMT,A,K,228,228,,K,P,,,K228P,,,0.551801359,,,,P51580
TPMT,A,K,228,228,,K,Q,,,K228Q,,,1.533753516,,,,P51580
TPMT,A,K,228,228,,K,R,,,K228R,,,0.913901383,,,,P51580
TPMT,A,K,228,228,,K,S,,,K228S,,,0.745228789,,,,P51580
TPMT,A,K,228,228,,K,T,,,K228T,,,0.478196718,,,,P51580
TPMT,A,K,228,228,,K,V,,,K228V,,,1.261121503,,,,P51580
TPMT,A,K,228,228,,K,W,,,K228W,,,1.139277104,,,,P51580
TPMT,A,K,228,228,,K,Y,,,K228Y,,,0.673742224,,,,P51580
TPMT,A,S,229,229,,S,A,,,S229A,,,1.452473198,,,,P51580
TPMT,A,S,229,229,,S,C,,,S229C,,,-0.475170836,,,,P51580
TPMT,A,S,229,229,,S,D,,,S229D,,,1.488764783,,,,P51580
TPMT,A,S,229,229,,S,E,,,S229E,,,0.451939901,,,,P51580
TPMT,A,S,229,229,,S,F,,,S229F,,,1.045556308,,,,P51580
TPMT,A,S,229,229,,S,G,,,S229G,,,0.755573032,,,,P51580
TPMT,A,S,229,229,,S,H,,,S229H,,,1.006375756,,,,P51580
TPMT,A,S,229,229,,S,I,,,S229I,,,0.286129876,,,,P51580
TPMT,A,S,229,229,,S,L,,,S229L,,,1.29807723,,,,P51580
TPMT,A,S,229,229,,S,M,,,S229M,,,1.175835457,,,,P51580
TPMT,A,S,229,229,,S,P,,,S229P,,,-0.498497539,,,,P51580
TPMT,A,S,229,229,,S,Q,,,S229Q,,,1.538026286,,,,P51580
TPMT,A,S,229,229,,S,R,,,S229R,,,1.088703532,,,,P51580
TPMT,A,S,229,229,,S,T,,,S229T,,,0.604471189,,,,P51580
TPMT,A,S,229,229,,S,V,,,S229V,,,0.932938216,,,,P51580
TPMT,A,S,229,229,,S,W,,,S229W,,,0.692284835,,,,P51580
TPMT,A,S,229,229,,S,Y,,,S229Y,,,1.622332541,,,,P51580
TPMT,A,W,230,230,,W,A,,,W230A,,,1.145753913,,,,P51580
TPMT,A,W,230,230,,W,C,,,W230C,,,1.268423525,,,,P51580
TPMT,A,W,230,230,,W,D,,,W230D,,,0.786598441,,,,P51580
TPMT,A,W,230,230,,W,E,,,W230E,,,0.769606675,,,,P51580
TPMT,A,W,230,230,,W,G,,,W230G,,,0.534260395,,,,P51580
TPMT,A,W,230,230,,W,H,,,W230H,,,0.316149429,,,,P51580
TPMT,A,W,230,230,,W,I,,,W230I,,,0.934027873,,,,P51580
TPMT,A,W,230,230,,W,K,,,W230K,,,0.897892309,,,,P51580
TPMT,A,W,230,230,,W,L,,,W230L,,,0.676432911,,,,P51580
TPMT,A,W,230,230,,W,M,,,W230M,,,0.754461328,,,,P51580
TPMT,A,W,230,230,,W,P,,,W230P,,,0.522810312,,,,P51580
TPMT,A,W,230,230,,W,Q,,,W230Q,,,-0.123910567,,,,P51580
TPMT,A,W,230,230,,W,R,,,W230R,,,0.746265989,,,,P51580
TPMT,A,W,230,230,,W,S,,,W230S,,,1.16054954,,,,P51580
TPMT,A,W,230,230,,W,T,,,W230T,,,0.798495408,,,,P51580
TPMT,A,W,230,230,,W,V,,,W230V,,,0.704731412,,,,P51580
TPMT,A,W,230,230,,W,Y,,,W230Y,,,0.876677735,,,,P51580
TPMT,A,G,231,231,,G,A,,,G231A,,,1.046094703,,,,P51580
TPMT,A,G,231,231,,G,C,,,G231C,,,0.8788148,,,,P51580
TPMT,A,G,231,231,,G,E,,,G231E,,,1.029502872,,,,P51580
TPMT,A,G,231,231,,G,F,,,G231F,,,0.434187446,,,,P51580
TPMT,A,G,231,231,,G,H,,,G231H,,,1.115988992,,,,P51580
TPMT,A,G,231,231,,G,I,,,G231I,,,0.713637174,,,,P51580
TPMT,A,G,231,231,,G,K,,,G231K,,,0.911629616,,,,P51580
TPMT,A,G,231,231,,G,L,,,G231L,,,0.881559002,,,,P51580
TPMT,A,G,231,231,,G,M,,,G231M,,,0.876777524,,,,P51580
TPMT,A,G,231,231,,G,P,,,G231P,,,0.869035466,,,,P51580
TPMT,A,G,231,231,,G,Q,,,G231Q,,,1.529215846,,,,P51580
TPMT,A,G,231,231,,G,R,,,G231R,,,1.007558069,,,,P51580
TPMT,A,G,231,231,,G,S,,,G231S,,,0.901432502,,,,P51580
TPMT,A,G,231,231,,G,T,,,G231T,,,0.408685499,,,,P51580
TPMT,A,G,231,231,,G,V,,,G231V,,,0.566284524,,,,P51580
TPMT,A,G,231,231,,G,W,,,G231W,,,0.529027356,,,,P51580
TPMT,A,G,231,231,,G,Y,,,G231Y,,,0.580605667,,,,P51580
TPMT,A,I,232,232,,I,A,,,I232A,,,0.915803815,,,,P51580
TPMT,A,I,232,232,,I,C,,,I232C,,,0.085179593,,,,P51580
TPMT,A,I,232,232,,I,D,,,I232D,,,0.42863099,,,,P51580
TPMT,A,I,232,232,,I,E,,,I232E,,,0.619916987,,,,P51580
TPMT,A,I,232,232,,I,G,,,I232G,,,0.972104187,,,,P51580
TPMT,A,I,232,232,,I,H,,,I232H,,,-0.067789016,,,,P51580
TPMT,A,I,232,232,,I,K,,,I232K,,,0.500344765,,,,P51580
TPMT,A,I,232,232,,I,M,,,I232M,,,0.44341475,,,,P51580
TPMT,A,I,232,232,,I,P,,,I232P,,,0.740665925,,,,P51580
TPMT,A,I,232,232,,I,Q,,,I232Q,,,0.981445213,,,,P51580
TPMT,A,I,232,232,,I,R,,,I232R,,,0.686718709,,,,P51580
TPMT,A,I,232,232,,I,S,,,I232S,,,0.797658328,,,,P51580
TPMT,A,I,232,232,,I,T,,,I232T,,,0.841050488,,,,P51580
TPMT,A,I,232,232,,I,V,,,I232V,,,0.545224032,,,,P51580
TPMT,A,I,232,232,,I,W,,,I232W,,,0.923980615,,,,P51580
TPMT,A,D,233,233,,D,A,,,D233A,,,1.526370473,,,,P51580
TPMT,A,D,233,233,,D,C,,,D233C,,,1.455976841,,,,P51580
TPMT,A,D,233,233,,D,E,,,D233E,,,1.456894786,,,,P51580
TPMT,A,D,233,233,,D,G,,,D233G,,,1.08749077,,,,P51580
TPMT,A,D,233,233,,D,I,,,D233I,,,0.826002944,,,,P51580
TPMT,A,D,233,233,,D,K,,,D233K,,,0.457194194,,,,P51580
TPMT,A,D,233,233,,D,L,,,D233L,,,1.018871962,,,,P51580
TPMT,A,D,233,233,,D,M,,,D233M,,,-0.051226434,,,,P51580
TPMT,A,D,233,233,,D,P,,,D233P,,,0.89894034,,,,P51580
TPMT,A,D,233,233,,D,Q,,,D233Q,,,1.420296482,,,,P51580
TPMT,A,D,233,233,,D,R,,,D233R,,,1.371662573,,,,P51580
TPMT,A,D,233,233,,D,S,,,D233S,,,1.10563846,,,,P51580
TPMT,A,D,233,233,,D,V,,,D233V,,,0.788637521,,,,P51580
TPMT,A,D,233,233,,D,W,,,D233W,,,0.994559355,,,,P51580
TPMT,A,C,234,234,,C,A,,,C234A,,,1.545909794,,,,P51580
TPMT,A,C,234,234,,C,D,,,C234D,,,1.722003657,,,,P51580
TPMT,A,C,234,234,,C,E,,,C234E,,,-0.21343624,,,,P51580
TPMT,A,C,234,234,,C,G,,,C234G,,,0.696513619,,,,P51580
TPMT,A,C,234,234,,C,K,,,C234K,,,0.124536118,,,,P51580
TPMT,A,C,234,234,,C,L,,,C234L,,,1.202670188,,,,P51580
TPMT,A,C,234,234,,C,M,,,C234M,,,1.519615486,,,,P51580
TPMT,A,C,234,234,,C,N,,,C234N,,,0.792907537,,,,P51580
TPMT,A,C,234,234,,C,P,,,C234P,,,0.785697237,,,,P51580
TPMT,A,C,234,234,,C,Q,,,C234Q,,,1.242812094,,,,P51580
TPMT,A,C,234,234,,C,R,,,C234R,,,0.830209384,,,,P51580
TPMT,A,C,234,234,,C,S,,,C234S,,,1.096710148,,,,P51580
TPMT,A,C,234,234,,C,T,,,C234T,,,1.563651954,,,,P51580
TPMT,A,C,234,234,,C,V,,,C234V,,,1.571574183,,,,P51580
TPMT,A,C,234,234,,C,W,,,C234W,,,1.066281955,,,,P51580
TPMT,A,L,235,235,,L,D,,,L235D,,,1.195107023,,,,P51580
TPMT,A,L,235,235,,L,E,,,L235E,,,0.167516804,,,,P51580
TPMT,A,L,235,235,,L,G,,,L235G,,,0.986872097,,,,P51580
TPMT,A,L,235,235,,L,H,,,L235H,,,0.499655713,,,,P51580
TPMT,A,L,235,235,,L,I,,,L235I,,,1.263699396,,,,P51580
TPMT,A,L,235,235,,L,K,,,L235K,,,0.552524076,,,,P51580
TPMT,A,L,235,235,,L,M,,,L235M,,,1.383088576,,,,P51580
TPMT,A,L,235,235,,L,N,,,L235N,,,0.905403099,,,,P51580
TPMT,A,L,235,235,,L,P,,,L235P,,,0.325705924,,,,P51580
TPMT,A,L,235,235,,L,Q,,,L235Q,,,1.203482484,,,,P51580
TPMT,A,L,235,235,,L,R,,,L235R,,,0.511914315,,,,P51580
TPMT,A,L,235,235,,L,S,,,L235S,,,0.881092575,,,,P51580
TPMT,A,L,235,235,,L,T,,,L235T,,,-0.975302593,,,,P51580
TPMT,A,L,235,235,,L,V,,,L235V,,,0.953421977,,,,P51580
TPMT,A,L,235,235,,L,W,,,L235W,,,0.443082678,,,,P51580
TPMT,A,L,235,235,,L,Y,,,L235Y,,,0.691779277,,,,P51580
TPMT,A,F,236,236,,F,A,,,F236A,,,0.991344032,,,,P51580
TPMT,A,F,236,236,,F,C,,,F236C,,,0.258934058,,,,P51580
TPMT,A,F,236,236,,F,E,,,F236E,,,1.155494044,,,,P51580
TPMT,A,F,236,236,,F,G,,,F236G,,,1.087180143,,,,P51580
TPMT,A,F,236,236,,F,L,,,F236L,,,0.048347366,,,,P51580
TPMT,A,F,236,236,,F,N,,,F236N,,,1.843484081,,,,P51580
TPMT,A,F,236,236,,F,P,,,F236P,,,0.686033155,,,,P51580
TPMT,A,F,236,236,,F,R,,,F236R,,,1.239464464,,,,P51580
TPMT,A,F,236,236,,F,S,,,F236S,,,1.163019082,,,,P51580
TPMT,A,F,236,236,,F,T,,,F236T,,,0.42464252,,,,P51580
TPMT,A,F,236,236,,F,V,,,F236V,,,1.344734085,,,,P51580
TPMT,A,F,236,236,,F,W,,,F236W,,,0.790110217,,,,P51580
TPMT,A,E,237,237,,E,A,,,E237A,,,0.199559346,,,,P51580
TPMT,A,E,237,237,,E,C,,,E237C,,,0.550315054,,,,P51580
TPMT,A,E,237,237,,E,D,,,E237D,,,0.31783741,,,,P51580
TPMT,A,E,237,237,,E,G,,,E237G,,,0.263796742,,,,P51580
TPMT,A,E,237,237,,E,H,,,E237H,,,1.101861257,,,,P51580
TPMT,A,E,237,237,,E,I,,,E237I,,,0.665841614,,,,P51580
TPMT,A,E,237,237,,E,K,,,E237K,,,0.38600027,,,,P51580
TPMT,A,E,237,237,,E,L,,,E237L,,,0.409919566,,,,P51580
TPMT,A,E,237,237,,E,M,,,E237M,,,0.824302136,,,,P51580
TPMT,A,E,237,237,,E,N,,,E237N,,,-0.08837279,,,,P51580
TPMT,A,E,237,237,,E,P,,,E237P,,,0.776190413,,,,P51580
TPMT,A,E,237,237,,E,Q,,,E237Q,,,0.877845326,,,,P51580
TPMT,A,E,237,237,,E,R,,,E237R,,,0.878054321,,,,P51580
TPMT,A,E,237,237,,E,S,,,E237S,,,1.17386201,,,,P51580
TPMT,A,E,237,237,,E,T,,,E237T,,,-0.368196749,,,,P51580
TPMT,A,E,237,237,,E,V,,,E237V,,,0.701647255,,,,P51580
TPMT,A,E,237,237,,E,W,,,E237W,,,0.111379198,,,,P51580
TPMT,A,K,238,238,,K,A,,,K238A,,,1.345978263,,,,P51580
TPMT,A,K,238,238,,K,C,,,K238C,,,1.27863792,,,,P51580
TPMT,A,K,238,238,,K,D,,,K238D,,,1.20234747,,,,P51580
TPMT,A,K,238,238,,K,E,,,K238E,,,1.250863417,,,,P51580
TPMT,A,K,238,238,,K,G,,,K238G,,,0.975334818,,,,P51580
TPMT,A,K,238,238,,K,M,,,K238M,,,1.457613991,,,,P51580
TPMT,A,K,238,238,,K,N,,,K238N,,,1.676881244,,,,P51580
TPMT,A,K,238,238,,K,P,,,K238P,,,0.219728069,,,,P51580
TPMT,A,K,238,238,,K,Q,,,K238Q,,,0.929159425,,,,P51580
TPMT,A,K,238,238,,K,R,,,K238R,,,0.904673922,,,,P51580
TPMT,A,K,238,238,,K,S,,,K238S,,,1.165819163,,,,P51580
TPMT,A,K,238,238,,K,T,,,K238T,,,0.759574718,,,,P51580
TPMT,A,K,238,238,,K,V,,,K238V,,,1.214295495,,,,P51580
TPMT,A,K,238,238,,K,W,,,K238W,,,0.716187184,,,,P51580
TPMT,A,K,238,238,,K,Y,,,K238Y,,,0.214804111,,,,P51580
TPMT,A,L,239,239,,L,A,,,L239A,,,0.499270773,,,,P51580
TPMT,A,L,239,239,,L,C,,,L239C,,,0.797360112,,,,P51580
TPMT,A,L,239,239,,L,D,,,L239D,,,0.54764565,,,,P51580
TPMT,A,L,239,239,,L,E,,,L239E,,,0.300965458,,,,P51580
TPMT,A,L,239,239,,L,F,,,L239F,,,1.524793224,,,,P51580
TPMT,A,L,239,239,,L,G,,,L239G,,,0.255684419,,,,P51580
TPMT,A,L,239,239,,L,H,,,L239H,,,0.493863798,,,,P51580
TPMT,A,L,239,239,,L,K,,,L239K,,,0.253429278,,,,P51580
TPMT,A,L,239,239,,L,M,,,L239M,,,1.071490583,,,,P51580
TPMT,A,L,239,239,,L,N,,,L239N,,,0.7491879,,,,P51580
TPMT,A,L,239,239,,L,P,,,L239P,,,0.544156325,,,,P51580
TPMT,A,L,239,239,,L,R,,,L239R,,,0.586497075,,,,P51580
TPMT,A,L,239,239,,L,S,,,L239S,,,0.862312029,,,,P51580
TPMT,A,L,239,239,,L,T,,,L239T,,,0.958587463,,,,P51580
TPMT,A,L,239,239,,L,V,,,L239V,,,0.923997012,,,,P51580
TPMT,A,L,239,239,,L,W,,,L239W,,,0.734282454,,,,P51580
TPMT,A,Y,240,240,,Y,A,,,Y240A,,,-0.217659665,,,,P51580
TPMT,A,Y,240,240,,Y,C,,,Y240C,,,0.650657251,,,,P51580
TPMT,A,Y,240,240,,Y,D,,,Y240D,,,-0.080831651,,,,P51580
TPMT,A,Y,240,240,,Y,E,,,Y240E,,,0.174221984,,,,P51580
TPMT,A,Y,240,240,,Y,G,,,Y240G,,,0.145194466,,,,P51580
TPMT,A,Y,240,240,,Y,K,,,Y240K,,,-0.113266142,,,,P51580
TPMT,A,Y,240,240,,Y,M,,,Y240M,,,0.654207622,,,,P51580
TPMT,A,Y,240,240,,Y,P,,,Y240P,,,-0.037419782,,,,P51580
TPMT,A,Y,240,240,,Y,R,,,Y240R,,,-0.281918839,,,,P51580
TPMT,A,Y,240,240,,Y,S,,,Y240S,,,0.515107905,,,,P51580
TPMT,A,Y,240,240,,Y,V,,,Y240V,,,0.080900001,,,,P51580
TPMT,A,Y,240,240,,Y,W,,,Y240W,,,0.833241373,,,,P51580
TPMT,A,L,241,241,,L,A,,,L241A,,,1.26544749,,,,P51580
TPMT,A,L,241,241,,L,C,,,L241C,,,1.005686026,,,,P51580
TPMT,A,L,241,241,,L,D,,,L241D,,,0.157660053,,,,P51580
TPMT,A,L,241,241,,L,E,,,L241E,,,1.022232236,,,,P51580
TPMT,A,L,241,241,,L,G,,,L241G,,,0.518229751,,,,P51580
TPMT,A,L,241,241,,L,K,,,L241K,,,1.059402394,,,,P51580
TPMT,A,L,241,241,,L,M,,,L241M,,,0.717582227,,,,P51580
TPMT,A,L,241,241,,L,P,,,L241P,,,0.123420012,,,,P51580
TPMT,A,L,241,241,,L,Q,,,L241Q,,,1.070153711,,,,P51580
TPMT,A,L,241,241,,L,R,,,L241R,,,0.882294065,,,,P51580
TPMT,A,L,241,241,,L,T,,,L241T,,,1.181690175,,,,P51580
TPMT,A,L,241,241,,L,W,,,L241W,,,0.557248919,,,,P51580
TPMT,A,L,242,242,,L,A,,,L242A,,,0.600547457,,,,P51580
TPMT,A,L,242,242,,L,E,,,L242E,,,0.683561852,,,,P51580
TPMT,A,L,242,242,,L,F,,,L242F,,,0.998710171,,,,P51580
TPMT,A,L,242,242,,L,G,,,L242G,,,0.508786341,,,,P51580
TPMT,A,L,242,242,,L,M,,,L242M,,,0.966105482,,,,P51580
TPMT,A,L,242,242,,L,N,,,L242N,,,0.127184787,,,,P51580
TPMT,A,L,242,242,,L,P,,,L242P,,,0.192635056,,,,P51580
TPMT,A,L,242,242,,L,Q,,,L242Q,,,0.045101346,,,,P51580
TPMT,A,L,242,242,,L,R,,,L242R,,,0.494491147,,,,P51580
TPMT,A,L,242,242,,L,S,,,L242S,,,-0.158177471,,,,P51580
TPMT,A,L,242,242,,L,T,,,L242T,,,0.192775896,,,,P51580
TPMT,A,L,242,242,,L,V,,,L242V,,,0.772368138,,,,P51580
TPMT,A,L,242,242,,L,W,,,L242W,,,0.114993614,,,,P51580
TPMT,A,L,242,242,,L,Y,,,L242Y,,,0.412263093,,,,P51580
TPMT,A,T,243,243,,T,A,,,T243A,,,1.000151155,,,,P51580
TPMT,A,T,243,243,,T,C,,,T243C,,,1.19298515,,,,P51580
TPMT,A,T,243,243,,T,D,,,T243D,,,0.051282861,,,,P51580
TPMT,A,T,243,243,,T,E,,,T243E,,,0.950781251,,,,P51580
TPMT,A,T,243,243,,T,F,,,T243F,,,1.104615311,,,,P51580
TPMT,A,T,243,243,,T,G,,,T243G,,,0.765794956,,,,P51580
TPMT,A,T,243,243,,T,L,,,T243L,,,1.001934563,,,,P51580
TPMT,A,T,243,243,,T,M,,,T243M,,,0.835626454,,,,P51580
TPMT,A,T,243,243,,T,P,,,T243P,,,0.061732542,,,,P51580
TPMT,A,T,243,243,,T,Q,,,T243Q,,,1.009221686,,,,P51580
TPMT,A,T,243,243,,T,R,,,T243R,,,0.910048876,,,,P51580
TPMT,A,T,243,243,,T,S,,,T243S,,,1.037444141,,,,P51580
TPMT,A,T,243,243,,T,V,,,T243V,,,0.831821172,,,,P51580
TPMT,A,T,243,243,,T,W,,,T243W,,,0.618757987,,,,P51580
TPMT,A,E,244,244,,E,A,,,E244A,,,0.730485247,,,,P51580
TPMT,A,E,244,244,,E,C,,,E244C,,,0.991456409,,,,P51580
TPMT,A,E,244,244,,E,D,,,E244D,,,0.642885857,,,,P51580
TPMT,A,E,244,244,,E,F,,,E244F,,,0.728559887,,,,P51580
TPMT,A,E,244,244,,E,G,,,E244G,,,1.014011975,,,,P51580
TPMT,A,E,244,244,,E,H,,,E244H,,,0.893733842,,,,P51580
TPMT,A,E,244,244,,E,L,,,E244L,,,0.921330473,,,,P51580
TPMT,A,E,244,244,,E,P,,,E244P,,,0.922830988,,,,P51580
TPMT,A,E,244,244,,E,Q,,,E244Q,,,0.578055892,,,,P51580
TPMT,A,E,244,244,,E,R,,,E244R,,,0.944255564,,,,P51580
TPMT,A,E,244,244,,E,S,,,E244S,,,0.98931603,,,,P51580
TPMT,A,E,244,244,,E,T,,,E244T,,,1.035577587,,,,P51580
TPMT,A,E,244,244,,E,V,,,E244V,,,0.824375547,,,,P51580
TPMT,A,E,244,244,,E,W,,,E244W,,,0.964227131,,,,P51580
TPMT,A,K,245,245,,K,A,,,K245A,,,0.997323635,,,,P51580
TPMT,A,K,245,245,,K,C,,,K245C,,,0.760878469,,,,P51580
TPMT,A,K,245,245,,K,D,,,K245D,,,0.8811793,,,,P51580
TPMT,A,K,245,245,,K,E,,,K245E,,,0.94590796,,,,P51580
TPMT,A,K,245,245,,K,F,,,K245F,,,1.243668338,,,,P51580
TPMT,A,K,245,245,,K,G,,,K245G,,,1.026848759,,,,P51580
TPMT,A,K,245,245,,K,L,,,K245L,,,0.932134926,,,,P51580
TPMT,A,K,245,245,,K,M,,,K245M,,,1.036659355,,,,P51580
TPMT,A,K,245,245,,K,N,,,K245N,,,1.24743954,,,,P51580
TPMT,A,K,245,245,,K,P,,,K245P,,,1.018084248,,,,P51580
TPMT,A,K,245,245,,K,Q,,,K245Q,,,0.880477088,,,,P51580
TPMT,A,K,245,245,,K,R,,,K245R,,,0.713338558,,,,P51580
TPMT,A,K,245,245,,K,S,,,K245S,,,0.786322853,,,,P51580
TPMT,A,K,245,245,,K,T,,,K245T,,,1.048069498,,,,P51580
TPMT,A,K,245,245,,K,V,,,K245V,,,1.090506778,,,,P51580
TPMT,A,K,245,245,,K,W,,,K245W,,,0.931107135,,,,P51580